,x,y,mannual_label,correct_label
Digit 2,5.484691,12.872966,-,Digit 2
Digit 7,9.985175,-10.924574,-,Digit 7
Digit 1,16.649122,4.2334285,-,Digit 1
Digit 3,-3.7568607,16.161982,-,Digit 3
Digit 5,-7.1122794,6.461602,-,Digit 5
Digit 3,-7.176196,9.825481,-,Digit 3
Digit 8,-0.7858105,6.9816866,-,Digit 8
Digit 6,-11.125319,-2.6994977,-,Digit 6
Digit 7,7.703648,-15.874457,-,Digit 7
Digit 0,-17.60031,9.278463,-,Digit 0
Digit 3,-4.7141767,8.998095,-,Digit 3
Digit 3,-1.7091241,15.24803,-,Digit 3
Digit 1,15.039978,9.649304,-,Digit 1
Digit 2,7.663202,9.490445,-,Digit 2
Digit 1,13.836592,11.276154,-,Digit 1
Digit 0,-17.687271,6.7240615,-,Digit 0
Digit 0,-20.017838,4.754217,-,Digit 0
Digit 3,-2.6488807,15.129271,-,Digit 3
Digit 9,-2.4234183,-13.887997,-,Digit 9
Digit 0,-19.011703,6.689286,-,Digit 0
Digit 0,-18.706577,-0.67873335,-,Digit 0
Digit 7,12.455353,-9.96149,-,Digit 7
Digit 6,-12.937078,-5.4148483,-,Digit 6
Digit 7,9.931859,-13.010188,-,Digit 7
Digit 7,12.05972,-12.188463,-,Digit 7
Digit 7,10.397462,-11.630224,-,Digit 7
Digit 0,-18.861681,3.9736085,-,Digit 0
Digit 8,-10.007188,10.763797,-,Digit 8
Digit 2,0.49967793,-4.8448157,-,Digit 2
Digit 0,-18.311539,4.040768,-,Digit 0
Digit 1,14.435793,1.3569119,-,Digit 1
Digit 3,-7.652986,9.596164,-,Digit 3
Digit 7,13.471359,-10.704641,-,Digit 7
Digit 1,16.082047,1.7980344,-,Digit 1
Digit 3,-6.746714,15.688852,-,Digit 3
Digit 2,4.732769,16.242554,-,Digit 2
Digit 3,-9.104349,13.058496,-,Digit 3
Digit 0,-18.667221,4.993621,-,Digit 0
Digit 0,-14.310225,1.3299592,-,Digit 0
Digit 7,6.2529497,-15.613936,-,Digit 7
Digit 5,-8.230768,3.4400005,-,Digit 5
Digit 3,-7.721075,10.799474,-,Digit 3
Digit 8,-9.335298,10.31763,-,Digit 8
Digit 9,0.028364448,-10.689811,-,Digit 9
Digit 6,-9.710288,-0.18837956,-,Digit 6
Digit 3,-9.01255,9.55899,-,Digit 3
Digit 7,17.075106,6.7601275,-,Digit 7
Digit 4,-6.691489,-14.032896,-,Digit 4
Digit 4,4.909671,-6.1639967,-,Digit 4
Digit 8,6.839597,0.773306,-,Digit 8
Digit 6,-11.823529,-3.1428173,-,Digit 6
Digit 4,-0.90767914,-8.632622,-,Digit 4
Digit 3,-7.867215,11.450934,-,Digit 3
Digit 5,-7.628394,4.5251765,-,Digit 5
Digit 7,10.612327,-14.040098,-,Digit 7
Digit 8,-0.33173934,6.5793633,-,Digit 8
Digit 4,6.227856,-5.24502,-,Digit 4
Digit 9,-0.92022675,-11.661789,-,Digit 9
Digit 7,14.700439,-5.6148815,-,Digit 7
Digit 9,5.387814,-10.851496,-,Digit 9
Digit 8,7.799095,2.4860137,-,Digit 8
Digit 0,-15.541251,6.435309,-,Digit 0
Digit 2,7.9344773,14.137021,-,Digit 2
Digit 9,19.135706,6.32509,-,Digit 9
Digit 5,-8.706938,5.3701644,-,Digit 5
Digit 6,-14.986506,-0.91677254,-,Digit 6
Digit 7,13.3120985,-10.712764,-,Digit 7
Digit 4,7.365166,-5.045337,-,Digit 4
Digit 2,5.983416,12.438936,-,Digit 2
Digit 9,-21.042025,-1.2601277,-,Digit 9
Digit 7,9.00242,-15.205155,-,Digit 7
Digit 9,6.6789823,-8.0077915,-,Digit 9
Digit 6,-12.781414,-10.172245,-,Digit 6
Digit 3,-4.5917864,13.525094,-,Digit 3
Digit 9,8.828617,-2.3143125,-,Digit 9
Digit 3,-3.7780583,13.582218,-,Digit 3
Digit 5,-2.3150325,-3.89306,-,Digit 5
Digit 9,2.2634172,-13.85857,-,Digit 9
Digit 7,13.181029,-11.512179,-,Digit 7
Digit 2,6.3656526,9.951866,-,Digit 2
Digit 2,-1.7167798,2.602408,-,Digit 2
Digit 8,8.797453,-2.0385978,-,Digit 8
Digit 8,3.5772433,4.50609,-,Digit 8
Digit 9,0.05209682,-13.326663,-,Digit 9
Digit 1,16.397593,10.430632,-,Digit 1
Digit 8,-4.5219307,7.572401,-,Digit 8
Digit 4,4.0767374,-7.5717077,-,Digit 4
Digit 7,13.516879,-10.376704,-,Digit 7
Digit 0,-17.178865,1.7148919,-,Digit 0
Digit 3,-8.485874,9.25739,-,Digit 3
Digit 5,-0.2562882,-1.155395,-,Digit 5
Digit 7,10.54802,-9.460788,-,Digit 7
Digit 5,0.6590363,-1.6114974,-,Digit 5
Digit 6,-10.441582,-5.109844,-,Digit 6
Digit 0,-15.254898,1.3038663,-,Digit 0
Digit 4,2.830744,-6.382968,-,Digit 4
Digit 6,-11.568354,-2.2056444,-,Digit 6
Digit 1,14.383692,4.261853,-,Digit 1
Digit 0,-13.970795,7.1273503,-,Digit 0
Digit 8,3.9103806,2.9692338,-,Digit 8
Digit 1,18.03055,4.1273456,-,Digit 1
Digit 9,0.25295156,-11.063214,-,Digit 9
Digit 3,-10.164853,1.57923,-,Digit 3
Digit 1,13.890553,9.600811,-,Digit 1
Digit 2,8.778636,12.064591,-,Digit 2
Digit 8,-0.33845693,8.514963,-,Digit 8
Digit 3,-4.7650485,5.083925,-,Digit 3
Digit 1,15.075194,9.358724,-,Digit 1
Digit 6,-9.718541,-4.829372,-,Digit 6
Digit 7,7.447733,-12.420074,-,Digit 7
Digit 7,11.25807,-15.628034,-,Digit 7
Digit 2,8.123711,11.051051,-,Digit 2
Digit 5,-6.253512,2.6954575,-,Digit 5
Digit 2,6.180007,9.480957,-,Digit 2
Digit 3,-3.3997273,13.446513,-,Digit 3
Digit 3,-6.80092,14.286072,-,Digit 3
Digit 7,12.58757,-6.540787,-,Digit 7
Digit 3,-2.578702,11.754815,-,Digit 3
Digit 3,-8.879858,14.010105,-,Digit 3
Digit 3,-5.0936384,11.567303,-,Digit 3
Digit 2,5.6742907,6.885021,-,Digit 2
Digit 3,-6.592523,14.403313,-,Digit 3
Digit 5,-9.266024,9.213674,-,Digit 5
Digit 6,12.820304,6.2025714,-,Digit 6
Digit 1,16.431406,8.310889,-,Digit 1
Digit 4,-4.727854,-15.989431,-,Digit 4
Digit 7,8.1765375,-15.362011,-,Digit 7
Digit 7,7.762031,-15.046424,-,Digit 7
Digit 6,-10.852877,-6.798511,-,Digit 6
Digit 2,8.947273,11.488969,-,Digit 2
Digit 6,-11.857559,-10.024011,-,Digit 6
Digit 7,7.04184,-15.577404,-,Digit 7
Digit 0,-16.869217,1.1439998,-,Digit 0
Digit 3,-6.189872,13.056778,-,Digit 3
Digit 0,-17.988228,2.939293,-,Digit 0
Digit 4,-7.746258,-3.8529987,-,Digit 4
Digit 4,-7.804539,-12.105513,-,Digit 4
Digit 2,5.4938326,12.011433,-,Digit 2
Digit 5,-8.673139,8.184147,-,Digit 5
Digit 1,14.127652,13.664225,-,Digit 1
Digit 9,1.2663339,-9.090944,-,Digit 9
Digit 0,-18.849075,-2.589002,-,Digit 0
Digit 6,-10.993879,-6.7411156,-,Digit 6
Digit 2,0.9390895,7.4206786,-,Digit 2
Digit 7,6.667471,-18.519176,-,Digit 7
Digit 1,15.261562,10.428678,-,Digit 1
Digit 5,-9.00295,4.7213902,-,Digit 5
Digit 4,5.461301,-2.4892664,-,Digit 4
Digit 6,-13.356583,-10.47639,-,Digit 6
Digit 6,-8.986542,-2.513473,-,Digit 6
Digit 6,-9.319763,-4.514146,-,Digit 6
Digit 9,7.6019754,-7.674881,-,Digit 9
Digit 9,3.732966,-14.11473,-,Digit 9
Digit 9,7.986039,-7.4329658,-,Digit 9
Digit 8,-0.78823173,6.9980297,-,Digit 8
Digit 9,-3.6726177,-13.582391,-,Digit 9
Digit 3,-3.167256,12.621584,-,Digit 3
Digit 9,5.829196,-9.281756,-,Digit 9
Digit 7,7.8548594,-17.323256,-,Digit 7
Digit 2,5.9546056,7.542796,-,Digit 2
Digit 7,6.256614,-16.542469,-,Digit 7
Digit 9,-3.2108316,-12.623372,-,Digit 9
Digit 3,-8.063538,12.788441,-,Digit 3
Digit 4,4.417458,-9.515162,-,Digit 4
Digit 7,12.229747,-9.024071,-,Digit 7
Digit 7,10.6264925,-9.659715,-,Digit 7
Digit 9,8.202095,-4.2401104,-,Digit 9
Digit 0,-16.691036,2.375482,-,Digit 0
Digit 3,-1.4036455,14.160985,-,Digit 3
Digit 3,-4.437604,12.037963,-,Digit 3
Digit 9,7.2778645,-6.244435,-,Digit 9
Digit 8,0.93968755,2.9544113,-,Digit 8
Digit 8,3.0300553,4.2681317,-,Digit 8
Digit 5,0.06103764,-2.291002,-,Digit 5
Digit 0,-16.655148,9.464819,-,Digit 0
Digit 9,3.4973676,-14.240969,-,Digit 9
Digit 4,6.30531,-5.176764,-,Digit 4
Digit 1,14.465296,-0.5370196,-,Digit 1
Digit 1,16.84207,5.721421,-,Digit 1
Digit 0,-16.658,-0.29907164,-,Digit 0
Digit 6,-12.11546,-7.035061,-,Digit 6
Digit 3,-6.8662705,10.351364,-,Digit 3
Digit 1,14.108837,0.63435984,-,Digit 1
Digit 1,15.081502,5.1603937,-,Digit 1
Digit 8,5.641199,1.5481745,-,Digit 8
Digit 4,-2.3337286,-16.58767,-,Digit 4
Digit 4,5.3039103,-4.316791,-,Digit 4
Digit 3,-8.222787,10.86452,-,Digit 3
Digit 4,-1.3053099,-11.509834,-,Digit 4
Digit 9,1.596521,-8.601239,-,Digit 9
Digit 9,7.7400403,-8.999024,-,Digit 9
Digit 1,16.42249,3.44157,-,Digit 1
Digit 7,12.74392,-9.1361885,-,Digit 7
Digit 1,15.815064,8.987223,-,Digit 1
Digit 2,4.8251,10.167032,-,Digit 2
Digit 1,15.925613,7.5320706,-,Digit 1
Digit 4,3.4054132,-3.6865313,-,Digit 4
Digit 2,6.1295357,12.624251,-,Digit 2
Digit 5,-0.0034195685,-1.887619,-,Digit 5
Digit 8,6.614541,3.3299406,-,Digit 8
Digit 6,-10.9772835,-7.8435793,-,Digit 6
Digit 7,11.257078,-13.627517,-,Digit 7
Digit 1,16.030867,4.064362,-,Digit 1
Digit 4,4.7506237,-2.7037346,-,Digit 4
Digit 6,-8.9729595,-4.9608283,-,Digit 6
Digit 2,4.6167808,15.471998,-,Digit 2
Digit 4,-2.3578348,-11.74674,-,Digit 4
Digit 3,-9.415779,5.88224,-,Digit 3
Digit 9,0.54441345,-13.184239,-,Digit 9
Digit 1,16.154245,8.35662,-,Digit 1
Digit 3,-1.9098474,13.324408,-,Digit 3
Digit 6,-9.00512,-0.9236825,-,Digit 6
Digit 4,1.245063,-14.379867,-,Digit 4
Digit 9,7.1534724,-8.3829565,-,Digit 9
Digit 6,-9.845229,-2.7625103,-,Digit 6
Digit 1,15.375831,10.569109,-,Digit 1
Digit 1,14.71321,-0.9610368,-,Digit 1
Digit 9,-7.8707466,7.673168,-,Digit 9
Digit 7,9.659154,-16.922516,-,Digit 7
Digit 0,-15.122376,6.0382676,-,Digit 0
Digit 1,13.422242,2.223194,-,Digit 1
Digit 0,-15.748302,6.4141674,-,Digit 0
Digit 0,-0.79970145,9.963684,-,Digit 0
Digit 0,-18.626047,4.9683723,-,Digit 0
Digit 3,-7.340861,-0.29500207,-,Digit 3
Digit 7,6.870472,-13.365696,-,Digit 7
Digit 5,-7.439711,4.4351587,-,Digit 5
Digit 0,-17.28134,6.173291,-,Digit 0
Digit 1,15.599059,10.877988,-,Digit 1
Digit 7,12.802038,-10.89719,-,Digit 7
Digit 1,14.445775,-0.33282924,-,Digit 1
Digit 3,-2.8981764,15.813031,-,Digit 3
Digit 2,-13.812561,4.5509095,-,Digit 2
Digit 0,-19.602299,4.2575173,-,Digit 0
Digit 3,-0.22632751,12.57923,-,Digit 3
Digit 1,15.515129,1.3063389,-,Digit 1
Digit 4,2.2543273,-15.27839,-,Digit 4
Digit 3,-1.1917276,15.887182,-,Digit 3
Digit 0,-18.91694,4.176422,-,Digit 0
Digit 0,-17.823717,5.696521,-,Digit 0
Digit 9,2.3468866,-9.450567,-,Digit 9
Digit 9,8.354244,-8.819507,-,Digit 9
Digit 1,14.522561,1.6404564,-,Digit 1
Digit 2,4.427089,7.3153086,-,Digit 2
Digit 3,-6.0860205,12.347938,-,Digit 3
Digit 2,8.215724,14.371055,-,Digit 2
Digit 5,-8.408275,3.564524,-,Digit 5
Digit 9,-6.2756124,-11.4373665,-,Digit 9
Digit 6,-8.7473345,-1.798082,-,Digit 6
Digit 6,-9.304228,-4.844449,-,Digit 6
Digit 5,-2.6515048,-1.6931659,-,Digit 5
Digit 5,-14.656561,2.1819665,-,Digit 5
Digit 8,-6.084032,9.60627,-,Digit 8
Digit 7,13.518973,-5.8274684,-,Digit 7
Digit 6,-10.835331,-0.51390284,-,Digit 6
Digit 1,15.600886,9.09258,-,Digit 1
Digit 0,-16.93456,4.554935,-,Digit 0
Digit 4,6.0618253,-4.8236685,-,Digit 4
Digit 4,5.433476,-6.342706,-,Digit 4
Digit 7,10.810469,-16.03235,-,Digit 7
Digit 6,-8.353479,-4.199737,-,Digit 6
Digit 3,-5.4101424,10.660308,-,Digit 3
Digit 7,13.3595295,-10.131185,-,Digit 7
Digit 4,-0.7230716,-8.948132,-,Digit 4
Digit 8,-1.1360376,4.265767,-,Digit 8
Digit 2,-5.6554456,-7.3406334,-,Digit 2
Digit 9,0.5545433,-8.164974,-,Digit 9
Digit 1,14.223733,1.3504664,-,Digit 1
Digit 0,-14.009623,3.7782075,-,Digit 0
Digit 6,-14.6615305,-6.8016586,-,Digit 6
Digit 8,7.7560425,-6.2292666,-,Digit 8
Digit 1,15.964224,-0.63542944,-,Digit 1
Digit 3,-2.0941024,10.860228,-,Digit 3
Digit 7,7.092809,-15.669643,-,Digit 7
Digit 8,-7.8114257,8.437025,-,Digit 8
Digit 9,1.336548,-12.691089,-,Digit 9
Digit 1,15.273592,12.079987,-,Digit 1
Digit 3,-5.27873,11.514435,-,Digit 3
Digit 1,16.070555,0.48231775,-,Digit 1
Digit 2,5.1747556,14.371049,-,Digit 2
Digit 9,2.694794,-12.107787,-,Digit 9
Digit 0,-18.586647,6.89138,-,Digit 0
Digit 6,-13.165022,-10.088567,-,Digit 6
Digit 1,17.491322,5.2006516,-,Digit 1
Digit 8,-0.755247,6.9698806,-,Digit 8
Digit 1,15.07423,6.9141464,-,Digit 1
Digit 0,-15.380463,7.9411507,-,Digit 0
Digit 7,14.801233,-5.940416,-,Digit 7
Digit 5,-4.9635367,-4.197489,-,Digit 5
Digit 5,-5.624143,3.9009058,-,Digit 5
Digit 9,-5.1697226,-11.946031,-,Digit 9
Digit 5,-3.3298914,-3.1748984,-,Digit 5
Digit 0,-18.791662,2.5941086,-,Digit 0
Digit 3,-2.1927652,16.193598,-,Digit 3
Digit 2,2.9318206,14.995067,-,Digit 2
Digit 7,8.851445,-13.782744,-,Digit 7
Digit 9,-3.5953581,-8.040327,-,Digit 9
Digit 7,6.5271373,-17.56374,-,Digit 7
Digit 4,0.4593377,-9.514081,-,Digit 4
Digit 3,-4.2368236,11.522413,-,Digit 3
Digit 0,-18.471771,-0.5651855,-,Digit 0
Digit 0,-19.327967,3.6606157,-,Digit 0
Digit 9,6.497275,-9.335663,-,Digit 9
Digit 0,-18.027763,5.2142906,-,Digit 0
Digit 2,3.266675,8.820769,-,Digit 2
Digit 9,-6.584209,-9.9178295,-,Digit 9
Digit 5,-3.8826544,-3.8465364,-,Digit 5
Digit 9,1.3132417,-12.251928,-,Digit 9
Digit 3,-6.728094,15.002941,-,Digit 3
Digit 1,16.660427,0.792378,-,Digit 1
Digit 7,12.847134,-10.7066765,-,Digit 7
Digit 9,5.5989285,-9.498924,-,Digit 9
Digit 4,-5.8746877,-15.443554,-,Digit 4
Digit 1,15.050164,0.13898812,-,Digit 1
Digit 4,5.7633057,-7.718613,-,Digit 4
Digit 7,10.423731,-11.90814,-,Digit 7
Digit 6,-12.805018,-5.736642,-,Digit 6
Digit 8,8.441723,1.8705591,-,Digit 8
Digit 3,-5.8104267,11.99034,-,Digit 3
Digit 6,-13.371303,-9.311616,-,Digit 6
Digit 2,4.0698266,11.507206,-,Digit 2
Digit 9,1.4449784,-8.564936,-,Digit 9
Digit 3,-3.993839,15.415587,-,Digit 3
Digit 0,-19.033314,3.5174928,-,Digit 0
Digit 5,0.10527388,-1.5989736,-,Digit 5
Digit 0,-19.329493,8.003409,-,Digit 0
Digit 1,14.186627,-0.051854882,-,Digit 1
Digit 0,-16.926085,0.41834855,-,Digit 0
Digit 9,2.249485,-12.160042,-,Digit 9
Digit 3,-5.7550926,10.373472,-,Digit 3
Digit 5,-2.5435143,-2.4200635,-,Digit 5
Digit 2,6.362485,12.148192,-,Digit 2
Digit 2,5.6903787,16.078981,-,Digit 2
Digit 1,15.081559,12.598627,-,Digit 1
Digit 1,17.818632,4.7648664,-,Digit 1
Digit 9,4.312325,-11.388849,-,Digit 9
Digit 6,-7.425525,-9.386468,-,Digit 6
Digit 2,5.2964735,12.850124,-,Digit 2
Digit 5,-4.3378587,0.8246353,-,Digit 5
Digit 3,4.2280674,10.9092045,-,Digit 3
Digit 3,-6.555431,11.260173,-,Digit 3
Digit 2,6.2696815,7.492914,-,Digit 2
Digit 7,10.072693,-11.39276,-,Digit 7
Digit 9,5.4891148,-10.11286,-,Digit 9
Digit 7,8.792044,-11.945576,-,Digit 7
Digit 3,-5.5294137,11.853343,-,Digit 3
Digit 1,16.531069,2.0642228,-,Digit 1
Digit 0,-19.564798,7.904384,-,Digit 0
Digit 2,5.2303123,16.257845,-,Digit 2
Digit 6,-9.851114,-0.7077886,-,Digit 6
Digit 1,16.509716,7.4324236,-,Digit 1
Digit 5,-6.255116,-1.0156043,-,Digit 5
Digit 8,6.2460136,3.8883464,-,Digit 8
Digit 2,5.583553,16.097298,-,Digit 2
Digit 4,-1.0757707,-7.6976757,-,Digit 4
Digit 0,-17.528927,2.9161603,-,Digit 0
Digit 8,-0.7727384,9.26023,-,Digit 8
Digit 4,2.657005,-4.9075117,-,Digit 4
Digit 3,-9.821445,13.54932,-,Digit 3
Digit 1,16.068941,6.7706337,-,Digit 1
Digit 8,2.3418405,2.7966714,-,Digit 8
Digit 5,0.51153636,-1.589602,-,Digit 5
Digit 4,3.6900747,-9.067857,-,Digit 4
Digit 3,-7.7396326,10.652907,-,Digit 3
Digit 4,-6.113067,-15.191776,-,Digit 4
Digit 0,-15.077295,-9.877715,-,Digit 0
Digit 2,4.8606906,9.770967,-,Digit 2
Digit 4,2.5612175,-4.1961265,-,Digit 4
Digit 4,-1.4502465,-9.865087,-,Digit 4
Digit 1,16.42925,0.9725063,-,Digit 1
Digit 5,-3.5072126,0.29498374,-,Digit 5
Digit 5,3.1679432,-0.62952983,-,Digit 5
Digit 9,2.49756,-13.78713,-,Digit 9
Digit 5,-8.935119,7.408487,-,Digit 5
Digit 8,-2.1293976,4.800903,-,Digit 8
Digit 2,12.64726,3.1510415,-,Digit 2
Digit 3,-5.259846,11.542274,-,Digit 3
Digit 3,-3.672867,11.722081,-,Digit 3
Digit 2,3.653974,10.364201,-,Digit 2
Digit 9,-5.427599,-14.085787,-,Digit 9
Digit 4,-6.6989193,-15.713366,-,Digit 4
Digit 9,8.062033,-8.279125,-,Digit 9
Digit 0,-15.706025,2.4320052,-,Digit 0
Digit 2,4.0541887,11.531381,-,Digit 2
Digit 8,8.2808,3.6706963,-,Digit 8
Digit 8,5.7564034,2.1868572,-,Digit 8
Digit 9,9.153661,-4.9405103,-,Digit 9
Digit 1,15.867898,3.4212363,-,Digit 1
Digit 1,15.95639,4.4913073,-,Digit 1
Digit 0,-15.852745,6.7003665,-,Digit 0
Digit 1,14.801446,1.4935299,-,Digit 1
Digit 2,2.9927495,9.796509,-,Digit 2
Digit 1,14.07382,0.4412488,-,Digit 1
Digit 7,8.975135,-17.43204,-,Digit 7
Digit 5,-7.23487,5.0425444,-,Digit 5
Digit 9,6.532625,-10.222333,-,Digit 9
Digit 1,15.222383,3.1669505,-,Digit 1
Digit 2,4.591347,14.3922415,-,Digit 2
Digit 0,-19.707556,-1.029714,-,Digit 0
Digit 9,-4.5488415,10.802426,-,Digit 9
Digit 8,2.0530276,3.4145207,-,Digit 8
Digit 6,-7.3544197,-9.365316,-,Digit 6
Digit 1,14.372122,10.231668,-,Digit 1
Digit 0,-19.071268,3.8886604,-,Digit 0
Digit 4,-7.751757,-12.9325485,-,Digit 4
Digit 8,-6.175211,-7.508474,-,Digit 8
Digit 7,12.388534,-6.7452216,-,Digit 7
Digit 7,5.610939,-17.239006,-,Digit 7
Digit 0,-17.821596,1.412185,-,Digit 0
Digit 6,-14.478634,-9.612196,-,Digit 6
Digit 9,6.9338093,-8.3412895,-,Digit 9
Digit 7,12.839402,-9.140772,-,Digit 7
Digit 5,0.087743364,-1.2482972,-,Digit 5
Digit 3,2.8214638,3.3240123,-,Digit 3
Digit 7,11.229362,-11.221468,-,Digit 7
Digit 1,16.784271,6.572039,-,Digit 1
Digit 6,-8.940187,-2.11174,-,Digit 6
Digit 2,8.359583,16.78555,-,Digit 2
Digit 8,-3.2625864,9.273771,-,Digit 8
Digit 3,-6.3072634,12.811033,-,Digit 3
Digit 7,10.866561,-13.134957,-,Digit 7
Digit 8,6.2731876,-0.8191237,-,Digit 8
Digit 4,-4.029575,-14.848025,-,Digit 4
Digit 5,-4.5701423,-0.288595,-,Digit 5
Digit 1,14.723328,1.8908385,-,Digit 1
Digit 1,14.820107,5.0182033,-,Digit 1
Digit 4,4.96802,-6.750617,-,Digit 4
Digit 8,5.135599,3.9390478,-,Digit 8
Digit 3,-2.3194542,12.4792185,-,Digit 3
Digit 4,2.069406,-5.3979597,-,Digit 4
Digit 5,-6.9996915,4.6146812,-,Digit 5
Digit 3,-6.499471,9.868031,-,Digit 3
Digit 8,-6.1845975,6.6211443,-,Digit 8
Digit 0,-18.870302,7.7356396,-,Digit 0
Digit 5,-8.319286,3.3010638,-,Digit 5
Digit 7,7.118181,-14.586065,-,Digit 7
Digit 8,-1.7568443,5.6542253,-,Digit 8
Digit 0,-16.923203,-1.3228799,-,Digit 0
Digit 8,-9.92532,7.3633122,-,Digit 8
Digit 2,3.9940658,8.957246,-,Digit 2
Digit 6,-9.07532,-4.000587,-,Digit 6
Digit 2,2.9853547,14.063816,-,Digit 2
Digit 4,8.939277,-5.28626,-,Digit 4
Digit 6,-12.577265,-9.493599,-,Digit 6
Digit 4,5.509683,-6.4026837,-,Digit 4
Digit 8,13.775176,9.2756605,-,Digit 8
Digit 2,5.9027333,11.1177,-,Digit 2
Digit 2,1.234938,0.43422487,-,Digit 2
Digit 3,-6.313132,12.072223,-,Digit 3
Digit 7,12.572878,-5.681173,-,Digit 7
Digit 1,16.7042,7.039887,-,Digit 1
Digit 8,7.9960732,2.5929294,-,Digit 8
Digit 0,-18.054829,6.736633,-,Digit 0
Digit 8,0.6142608,5.7867026,-,Digit 8
Digit 6,-12.302886,-7.76208,-,Digit 6
Digit 3,-8.282041,12.575429,-,Digit 3
Digit 8,-1.5076791,9.250801,-,Digit 8
Digit 6,-13.217717,-2.239334,-,Digit 6
Digit 5,-8.393707,6.9765825,-,Digit 5
Digit 3,-5.4934654,13.362513,-,Digit 3
Digit 0,-17.572063,8.488365,-,Digit 0
Digit 1,15.763396,2.1931963,-,Digit 1
Digit 5,-5.7627153,2.5700538,-,Digit 5
Digit 8,-1.1024911,5.5422897,-,Digit 8
Digit 3,-3.899205,11.580878,-,Digit 3
Digit 0,-15.497076,2.7042482,-,Digit 0
Digit 4,-3.4438937,-11.663619,-,Digit 4
Digit 8,1.4156072,5.8414307,-,Digit 8
Digit 9,8.387365,-4.640421,-,Digit 9
Digit 2,7.691473,10.307454,-,Digit 2
Digit 4,-0.5277714,-11.46304,-,Digit 4
Digit 3,-1.3323171,14.49832,-,Digit 3
Digit 9,7.065095,-8.121669,-,Digit 9
Digit 1,17.46302,4.6701274,-,Digit 1
Digit 9,10.738879,-3.9508183,-,Digit 9
Digit 6,-12.317041,-10.841169,-,Digit 6
Digit 2,8.303569,11.072063,-,Digit 2
Digit 3,-1.7238861,15.009046,-,Digit 3
Digit 2,5.036339,8.446604,-,Digit 2
Digit 7,12.826113,-5.2824197,-,Digit 7
Digit 9,-4.5022683,-13.11693,-,Digit 9
Digit 5,-11.476359,9.826531,-,Digit 5
Digit 0,-16.820004,0.024909785,-,Digit 0
Digit 1,16.359917,4.539603,-,Digit 1
Digit 7,10.320284,-11.274186,-,Digit 7
Digit 8,5.03998,3.3034046,-,Digit 8
Digit 6,-10.721866,-1.5476295,-,Digit 6
Digit 1,13.993305,11.92565,-,Digit 1
Digit 4,1.2509156,-5.7170405,-,Digit 4
Digit 8,-1.4301218,9.072053,-,Digit 8
Digit 4,-2.4457974,-12.552348,-,Digit 4
Digit 3,-3.511458,14.59149,-,Digit 3
Digit 2,3.8669257,13.022791,-,Digit 2
Digit 7,9.728542,-14.211552,-,Digit 7
Digit 1,14.660731,10.722992,-,Digit 1
Digit 7,8.049655,-17.360596,-,Digit 7
Digit 7,9.662315,-7.4511046,-,Digit 7
Digit 9,-2.7509072,11.433346,-,Digit 9
Digit 7,8.698726,-14.977183,-,Digit 7
Digit 7,6.9854426,-14.796232,-,Digit 7
Digit 3,-2.9675536,16.183613,-,Digit 3
Digit 3,-9.212515,11.623452,-,Digit 3
Digit 2,7.1402965,11.837143,-,Digit 2
Digit 3,-7.5178347,12.523291,-,Digit 3
Digit 6,-14.285796,-8.659881,-,Digit 6
Digit 9,0.27530178,-10.290112,-,Digit 9
Digit 4,4.793396,-5.81601,-,Digit 4
Digit 5,0.3319368,-2.0428913,-,Digit 5
Digit 3,-2.3778718,15.012679,-,Digit 3
Digit 1,16.017677,4.79264,-,Digit 1
Digit 4,3.7399864,-3.1053774,-,Digit 4
Digit 6,-11.97797,-2.074016,-,Digit 6
Digit 4,4.42708,-9.190207,-,Digit 4
Digit 6,-8.760452,-4.2979836,-,Digit 6
Digit 5,-6.749793,5.3490195,-,Digit 5
Digit 6,-12.459193,-10.426099,-,Digit 6
Digit 8,7.158581,2.1855166,-,Digit 8
Digit 1,16.613617,2.2199965,-,Digit 1
Digit 6,-11.669651,-7.946822,-,Digit 6
Digit 6,-9.704117,-0.99927163,-,Digit 6
Digit 0,-16.734825,0.50081146,-,Digit 0
Digit 6,-9.631718,-0.79919416,-,Digit 6
Digit 3,1.6927276,-0.182018,-,Digit 3
Digit 6,-9.351281,-5.2040067,-,Digit 6
Digit 3,0.27394626,1.4372681,-,Digit 3
Digit 5,0.1924901,-1.5525668,-,Digit 5
Digit 5,-3.395772,16.562082,-,Digit 5
Digit 1,5.3256807,13.985264,-,Digit 1
Digit 8,1.5890712,5.282488,-,Digit 8
Digit 3,-4.9005537,10.569072,-,Digit 3
Digit 7,10.267151,-16.378944,-,Digit 7
Digit 8,-1.682883,8.843686,-,Digit 8
Digit 5,-3.035224,0.09911137,-,Digit 5
Digit 5,-9.233884,7.958797,-,Digit 5
Digit 7,11.134085,-9.56211,-,Digit 7
Digit 6,-12.726118,-11.08603,-,Digit 6
Digit 4,-4.03404,-14.871784,-,Digit 4
Digit 7,6.6998296,-14.726984,-,Digit 7
Digit 7,12.250947,-12.993709,-,Digit 7
Digit 3,-1.53528,16.282127,-,Digit 3
Digit 1,15.506684,7.90959,-,Digit 1
Digit 7,10.071274,-15.904272,-,Digit 7
Digit 1,14.875194,5.4252834,-,Digit 1
Digit 9,11.776372,-3.7628574,-,Digit 9
Digit 4,-0.026740441,-7.224509,-,Digit 4
Digit 3,-7.9590425,10.509942,-,Digit 3
Digit 6,-12.103886,-7.1383567,-,Digit 6
Digit 2,7.959522,15.583088,-,Digit 2
Digit 1,17.051943,4.315539,-,Digit 1
Digit 0,-15.14356,5.5747595,-,Digit 0
Digit 8,4.085461,3.146462,-,Digit 8
Digit 2,0.19677554,-4.115328,-,Digit 2
Digit 5,0.79020214,-2.7096655,-,Digit 5
Digit 9,8.528243,-8.040167,-,Digit 9
Digit 2,5.1193357,14.766866,-,Digit 2
Digit 3,-7.565604,9.883667,-,Digit 3
Digit 4,-4.195592,-14.966647,-,Digit 4
Digit 1,17.000925,3.8943923,-,Digit 1
Digit 3,-5.0579176,14.091528,-,Digit 3
Digit 6,-13.609507,-4.2792983,-,Digit 6
Digit 9,-1.8956031,-12.055526,-,Digit 9
Digit 1,14.213839,3.6968136,-,Digit 1
Digit 9,6.034635,-8.437137,-,Digit 9
Digit 9,1.4457442,-11.785758,-,Digit 9
Digit 7,8.849713,-17.73998,-,Digit 7
Digit 0,-19.005707,7.747802,-,Digit 0
Digit 9,2.735204,-11.440828,-,Digit 9
Digit 9,-1.0424106,-9.4601,-,Digit 9
Digit 8,2.589683,1.7604598,-,Digit 8
Digit 9,6.014253,-9.489854,-,Digit 9
Digit 7,7.880235,-15.202299,-,Digit 7
Digit 4,3.1413503,-6.0801277,-,Digit 4
Digit 2,4.7721024,8.848829,-,Digit 2
Digit 7,13.520457,-5.8349967,-,Digit 7
Digit 5,-2.917764,-0.4478316,-,Digit 5
Digit 6,-9.051079,-2.9076707,-,Digit 6
Digit 5,-10.837424,8.722446,-,Digit 5
Digit 7,17.374828,3.8208873,-,Digit 7
Digit 7,9.574374,-8.303113,-,Digit 7
Digit 0,-14.685493,8.612787,-,Digit 0
Digit 5,-7.183633,2.4922404,-,Digit 5
Digit 3,-7.0029335,9.793913,-,Digit 3
Digit 9,7.8960185,-8.805582,-,Digit 9
Digit 6,-13.427634,-5.4633727,-,Digit 6
Digit 4,-7.2370887,-16.059914,-,Digit 4
Digit 7,-7.479031,-16.142391,-,Digit 7
Digit 1,15.321578,12.503553,-,Digit 1
Digit 4,-13.342268,-1.3292869,-,Digit 4
Digit 1,15.153188,12.194871,-,Digit 1
Digit 0,-13.693818,7.6929955,-,Digit 0
Digit 4,1.3988166,-6.1680813,-,Digit 4
Digit 8,3.9677556,2.8299308,-,Digit 8
Digit 7,8.888832,-17.397442,-,Digit 7
Digit 0,-15.867777,3.009218,-,Digit 0
Digit 6,-11.588487,-4.938043,-,Digit 6
Digit 6,-13.165016,-4.2725587,-,Digit 6
Digit 2,4.916642,14.552512,-,Digit 2
Digit 2,4.1790676,11.131828,-,Digit 2
Digit 9,5.7295237,-11.275975,-,Digit 9
Digit 4,1.638371,-15.664201,-,Digit 4
Digit 8,-2.008301,5.5001516,-,Digit 8
Digit 1,16.108881,0.21480224,-,Digit 1
Digit 6,-9.610116,-3.453159,-,Digit 6
Digit 4,5.0379653,-6.869091,-,Digit 4
Digit 0,-18.351374,7.872466,-,Digit 0
Digit 4,3.1044202,-7.267655,-,Digit 4
Digit 4,-7.017426,-14.922196,-,Digit 4
Digit 1,16.277906,8.661178,-,Digit 1
Digit 4,7.6425834,-9.266705,-,Digit 4
Digit 2,2.7874448,15.345789,-,Digit 2
Digit 5,0.102332786,-1.9001026,-,Digit 5
Digit 4,4.8921742,-6.8015203,-,Digit 4
Digit 4,-1.594505,-15.82124,-,Digit 4
Digit 9,1.9289736,-8.305649,-,Digit 9
Digit 6,-13.23265,-3.3243518,-,Digit 6
Digit 2,4.7459927,9.571294,-,Digit 2
Digit 3,-6.073615,10.630944,-,Digit 3
Digit 7,6.6695585,-17.44212,-,Digit 7
Digit 5,-2.9537842,-3.9927614,-,Digit 5
Digit 6,-11.753463,-3.7176888,-,Digit 6
Digit 9,8.691213,-8.523996,-,Digit 9
Digit 6,-12.787461,-1.7122071,-,Digit 6
Digit 2,5.765348,12.735091,-,Digit 2
Digit 9,3.2046454,-12.315213,-,Digit 9
Digit 6,-13.048409,-5.8260794,-,Digit 6
Digit 0,-13.442283,2.7671728,-,Digit 0
Digit 6,-12.315544,-10.180576,-,Digit 6
Digit 3,-2.0447314,11.446429,-,Digit 3
Digit 9,5.5644507,-4.166821,-,Digit 9
Digit 4,-3.121065,-15.831301,-,Digit 4
Digit 3,-5.029948,15.250258,-,Digit 3
Digit 0,-17.026062,-0.2482067,-,Digit 0
Digit 4,3.1935763,-8.888235,-,Digit 4
Digit 3,-0.34362167,0.98640233,-,Digit 3
Digit 7,9.598576,-14.5011425,-,Digit 7
Digit 2,5.5704746,16.225546,-,Digit 2
Digit 1,13.97357,10.550173,-,Digit 1
Digit 9,5.1480675,-10.041388,-,Digit 9
Digit 5,-4.1714225,2.4492176,-,Digit 5
Digit 8,4.1363235,1.2728107,-,Digit 8
Digit 5,-6.4382563,1.8394974,-,Digit 5
Digit 0,-15.338282,1.1752043,-,Digit 0
Digit 3,-1.3890613,11.440095,-,Digit 3
Digit 0,-13.15581,3.514335,-,Digit 0
Digit 1,15.494362,1.9275837,-,Digit 1
Digit 8,4.225218,4.2972856,-,Digit 8
Digit 0,-15.572482,7.3088474,-,Digit 0
Digit 0,-20.129105,2.0184345,-,Digit 0
Digit 7,10.205797,-12.051867,-,Digit 7
Digit 7,11.04829,-10.119631,-,Digit 7
Digit 2,9.101791,13.027406,-,Digit 2
Digit 5,-5.952622,7.207408,-,Digit 5
Digit 8,3.7521176,4.72076,-,Digit 8
Digit 4,-2.6711867,-12.37351,-,Digit 4
Digit 6,-13.095423,-9.815172,-,Digit 6
Digit 3,11.814419,0.30935362,-,Digit 3
Digit 4,1.5404737,-10.708753,-,Digit 4
Digit 3,-3.397792,13.259793,-,Digit 3
Digit 2,4.1479816,9.006111,-,Digit 2
Digit 2,5.7058544,14.184266,-,Digit 2
Digit 9,9.044927,-6.4050894,-,Digit 9
Digit 0,-19.116913,5.975394,-,Digit 0
Digit 8,1.9928384,-0.6403259,-,Digit 8
Digit 7,9.017858,-17.944576,-,Digit 7
Digit 1,15.902298,10.389112,-,Digit 1
Digit 5,-10.3501215,8.857876,-,Digit 5
Digit 5,-5.473933,-0.33873698,-,Digit 5
Digit 1,15.939498,5.1487656,-,Digit 1
Digit 6,-10.993488,-2.3021727,-,Digit 6
Digit 0,-14.422393,5.6618457,-,Digit 0
Digit 2,8.615798,15.547471,-,Digit 2
Digit 9,-2.4106216,-13.825402,-,Digit 9
Digit 8,4.640732,2.7291324,-,Digit 8
Digit 5,-1.7379539,-3.5073152,-,Digit 5
Digit 3,-8.559675,14.013534,-,Digit 3
Digit 5,-5.364575,1.3054923,-,Digit 5
Digit 7,12.333174,-6.326177,-,Digit 7
Digit 1,17.912128,1.5815544,-,Digit 1
Digit 2,4.721035,8.567753,-,Digit 2
Digit 3,-8.1846,12.728994,-,Digit 3
Digit 3,-8.486667,13.9320345,-,Digit 3
Digit 4,-2.3204427,-16.62425,-,Digit 4
Digit 6,-11.583888,-3.1213515,-,Digit 6
Digit 6,-13.022849,-1.7711169,-,Digit 6
Digit 7,13.140511,-10.323589,-,Digit 7
Digit 5,-8.304046,0.6929325,-,Digit 5
Digit 3,-1.3830506,15.732611,-,Digit 3
Digit 8,-2.9802892,-6.0456424,-,Digit 8
Digit 6,-12.984235,-10.5473385,-,Digit 6
Digit 8,-10.110838,1.5072857,-,Digit 8
Digit 0,-17.335901,8.296233,-,Digit 0
Digit 1,14.13303,-0.14608398,-,Digit 1
Digit 6,-9.319262,-3.3302388,-,Digit 6
Digit 0,-16.564398,2.9661074,-,Digit 0
Digit 1,14.452921,5.412751,-,Digit 1
Digit 4,0.5728816,-11.605753,-,Digit 4
Digit 4,-1.8128715,-9.775805,-,Digit 4
Digit 4,0.3499579,-11.561535,-,Digit 4
Digit 2,7.2379303,15.132419,-,Digit 2
Digit 6,-8.334994,-2.3504407,-,Digit 6
Digit 1,-6.4580936,-0.8782754,-,Digit 1
Digit 2,-19.578133,2.3961582,-,Digit 2
Digit 1,14.945546,4.4092503,-,Digit 1
Digit 9,-1.0236568,-12.562355,-,Digit 9
Digit 1,16.260538,6.8387675,-,Digit 1
Digit 2,5.711134,8.014973,-,Digit 2
Digit 3,-2.55785,-7.075509,-,Digit 3
Digit 1,15.755363,11.096631,-,Digit 1
Digit 9,3.6177742,-14.514394,-,Digit 9
Digit 4,-4.386833,-15.030745,-,Digit 4
Digit 6,-11.804745,-6.23252,-,Digit 6
Digit 7,12.779576,-9.848536,-,Digit 7
Digit 8,4.7696357,2.8858604,-,Digit 8
Digit 0,-15.552602,0.03956345,-,Digit 0
Digit 3,-5.9781766,12.830629,-,Digit 3
Digit 7,1.5967355,-9.268131,-,Digit 7
Digit 8,7.545487,-6.351835,-,Digit 8
Digit 5,-5.0962405,-0.06395734,-,Digit 5
Digit 8,-0.8222944,5.5249996,-,Digit 8
Digit 4,3.6682963,-8.112883,-,Digit 4
Digit 1,14.803917,11.19934,-,Digit 1
Digit 6,-9.367798,-3.6638763,-,Digit 6
Digit 8,-3.5178115,7.5975804,-,Digit 8
Digit 3,-3.607597,13.616461,-,Digit 3
Digit 3,-6.794009,13.165045,-,Digit 3
Digit 9,-2.0379124,-13.022001,-,Digit 9
Digit 1,15.088938,-0.35549432,-,Digit 1
Digit 5,-1.5733117,-2.9972796,-,Digit 5
Digit 9,-0.5377606,-10.003494,-,Digit 9
Digit 3,-6.312373,8.65267,-,Digit 3
Digit 8,7.1716824,2.1399782,-,Digit 8
Digit 4,0.0934904,-15.501074,-,Digit 4
Digit 9,2.2726676,-9.466405,-,Digit 9
Digit 2,4.322114,8.906881,-,Digit 2
Digit 5,-8.381084,4.3309345,-,Digit 5
Digit 5,-1.9266,-3.144204,-,Digit 5
Digit 9,-5.0556283,-14.10388,-,Digit 9
Digit 4,-6.1948833,-15.352247,-,Digit 4
Digit 9,-2.964761,-13.516664,-,Digit 9
Digit 6,-13.100319,-4.741194,-,Digit 6
Digit 1,15.802187,10.144675,-,Digit 1
Digit 2,7.821034,15.571004,-,Digit 2
Digit 6,-11.74041,-9.138347,-,Digit 6
Digit 7,7.56276,-18.663857,-,Digit 7
Digit 3,-8.605679,13.883128,-,Digit 3
Digit 8,-11.920481,12.674,-,Digit 8
Digit 6,-13.824308,-5.143032,-,Digit 6
Digit 7,9.300057,-10.947231,-,Digit 7
Digit 3,8.079174,9.290094,-,Digit 3
Digit 4,2.0037777,-15.555653,-,Digit 4
Digit 5,-4.9862747,2.3289084,-,Digit 5
Digit 7,6.2669144,-15.386116,-,Digit 7
Digit 8,-2.879557,8.153935,-,Digit 8
Digit 5,-4.2903967,1.5435563,-,Digit 5
Digit 8,-0.42424846,8.877998,-,Digit 8
Digit 2,5.3284936,15.044874,-,Digit 2
Digit 8,-5.023597,6.833034,-,Digit 8
Digit 1,15.305453,4.2531877,-,Digit 1
Digit 0,-16.426332,5.7175293,-,Digit 0
Digit 0,-18.485369,3.895287,-,Digit 0
Digit 4,4.169531,-3.2743037,-,Digit 4
Digit 6,-12.646192,-4.2845654,-,Digit 6
Digit 6,-12.12979,-2.7770524,-,Digit 6
Digit 3,-6.1555552,15.190596,-,Digit 3
Digit 9,1.7286191,-13.774701,-,Digit 9
Digit 0,-19.044855,2.6080866,-,Digit 0
Digit 2,3.598328,14.550966,-,Digit 2
Digit 8,-2.1051404,6.922306,-,Digit 8
Digit 9,1.7402052,-13.777364,-,Digit 9
Digit 3,-1.8199471,-5.0733385,-,Digit 3
Digit 7,13.842536,-11.021008,-,Digit 7
Digit 4,-3.2745433,-15.201971,-,Digit 4
Digit 2,3.2445972,13.800365,-,Digit 2
Digit 7,6.047829,-17.33256,-,Digit 7
Digit 8,-2.451631,6.1636896,-,Digit 8
Digit 9,3.6537688,-11.397306,-,Digit 9
Digit 8,-11.8312845,13.080585,-,Digit 8
Digit 5,0.8425411,-2.1866817,-,Digit 5
Digit 4,-1.8970191,-8.155975,-,Digit 4
Digit 7,12.428761,-5.708604,-,Digit 7
Digit 0,-15.49663,1.870449,-,Digit 0
Digit 3,-5.76147,11.986164,-,Digit 3
Digit 2,6.064973,16.417477,-,Digit 2
Digit 2,5.0865164,9.434128,-,Digit 2
Digit 0,-17.913126,5.7163987,-,Digit 0
Digit 1,14.658109,3.7947454,-,Digit 1
Digit 2,8.01557,12.339237,-,Digit 2
Digit 6,-11.331679,-7.9448123,-,Digit 6
Digit 1,14.457837,3.9951608,-,Digit 1
Digit 0,-19.15421,7.4934125,-,Digit 0
Digit 0,-18.005873,3.657028,-,Digit 0
Digit 1,16.282265,3.1662557,-,Digit 1
Digit 7,7.48709,-13.629981,-,Digit 7
Digit 3,-2.875235,14.758949,-,Digit 3
Digit 3,-3.7638137,-6.95477,-,Digit 3
Digit 7,-4.3700423,-1.937251,-,Digit 7
Digit 9,7.6912494,-10.7089,-,Digit 9
Digit 1,13.9314165,11.969187,-,Digit 1
Digit 2,5.5437903,9.303897,-,Digit 2
Digit 2,5.3639603,11.244466,-,Digit 2
Digit 8,-7.1676116,8.737041,-,Digit 8
Digit 0,-15.918325,1.7359129,-,Digit 0
Digit 3,-0.72058845,11.349231,-,Digit 3
Digit 3,1.7340183,0.25345534,-,Digit 3
Digit 5,-7.078051,4.099634,-,Digit 5
Digit 1,14.412703,1.8011802,-,Digit 1
Digit 8,6.2720532,2.0024307,-,Digit 8
Digit 4,-1.1996819,-9.262293,-,Digit 4
Digit 3,-8.105287,9.377647,-,Digit 3
Digit 5,-3.667937,1.7620077,-,Digit 5
Digit 6,-14.72716,-8.616895,-,Digit 6
Digit 2,4.667365,15.22606,-,Digit 2
Digit 1,15.887606,4.984026,-,Digit 1
Digit 3,-3.1347027,10.273822,-,Digit 3
Digit 2,5.273847,12.007916,-,Digit 2
Digit 2,5.986278,15.376726,-,Digit 2
Digit 0,-17.837183,4.9739623,-,Digit 0
Digit 5,-6.805745,2.393803,-,Digit 5
Digit 4,-5.1845994,-15.719733,-,Digit 4
Digit 4,3.2522814,-4.04949,-,Digit 4
Digit 5,-5.435771,-0.01780909,-,Digit 5
Digit 2,6.1671276,9.395551,-,Digit 2
Digit 1,15.778642,4.4661946,-,Digit 1
Digit 1,15.9858675,10.323416,-,Digit 1
Digit 1,15.988337,9.717616,-,Digit 1
Digit 9,8.6300335,-8.281524,-,Digit 9
Digit 2,3.8031683,9.671532,-,Digit 2
Digit 7,5.7230997,-14.06763,-,Digit 7
Digit 3,-7.589896,14.632664,-,Digit 3
Digit 4,4.753702,-7.1289115,-,Digit 4
Digit 6,-12.791885,-9.252813,-,Digit 6
Digit 8,-0.83840925,6.8642817,-,Digit 8
Digit 5,-6.646165,-0.23965219,-,Digit 5
Digit 2,8.168495,10.377806,-,Digit 2
Digit 8,7.092587,4.461033,-,Digit 8
Digit 4,-5.5793567,-15.335341,-,Digit 4
Digit 8,-0.441224,5.1155806,-,Digit 8
Digit 5,-6.432376,1.8677984,-,Digit 5
Digit 3,-6.257124,13.615082,-,Digit 3
Digit 0,-15.009528,9.021966,-,Digit 0
Digit 9,-6.1890163,-11.686411,-,Digit 9
Digit 9,-3.933288,-11.835236,-,Digit 9
Digit 1,14.973434,10.473495,-,Digit 1
Digit 6,-12.727653,-8.947316,-,Digit 6
Digit 6,-14.320058,-3.7989902,-,Digit 6
Digit 7,9.238119,-14.20623,-,Digit 7
Digit 5,-9.038565,9.041612,-,Digit 5
Digit 0,-19.570677,-1.0138668,-,Digit 0
Digit 8,-1.136455,6.6559253,-,Digit 8
Digit 8,-3.5357695,6.48154,-,Digit 8
Digit 1,16.180548,2.2089388,-,Digit 1
Digit 6,-12.389056,-5.645331,-,Digit 6
Digit 7,12.528067,-12.093677,-,Digit 7
Digit 0,-18.214848,0.8393363,-,Digit 0
Digit 1,13.738959,12.300544,-,Digit 1
Digit 9,-2.7952087,-13.246465,-,Digit 9
Digit 6,-9.237696,-4.67846,-,Digit 6
Digit 7,13.6177845,-10.721715,-,Digit 7
Digit 3,-4.608983,7.7162833,-,Digit 3
Digit 4,4.7865033,-2.409151,-,Digit 4
Digit 9,4.92182,-11.181678,-,Digit 9
Digit 2,9.067617,5.5004106,-,Digit 2
Digit 8,-5.660037,9.647559,-,Digit 8
Digit 8,5.7754025,1.5646477,-,Digit 8
Digit 2,1.0320135,11.910514,-,Digit 2
Digit 6,-8.404094,-2.7294595,-,Digit 6
Digit 6,-11.121971,-7.85275,-,Digit 6
Digit 4,4.2241716,-5.0464373,-,Digit 4
Digit 1,15.418343,5.1806045,-,Digit 1
Digit 3,-9.270177,5.738283,-,Digit 3
Digit 6,-12.845751,-5.889018,-,Digit 6
Digit 9,3.1907723,-14.2075,-,Digit 9
Digit 0,-18.680384,-0.48691666,-,Digit 0
Digit 9,2.5101526,-11.904098,-,Digit 9
Digit 2,8.977042,12.754868,-,Digit 2
Digit 3,-4.552428,13.272869,-,Digit 3
Digit 5,-7.112169,4.91927,-,Digit 5
Digit 5,-12.174699,8.957381,-,Digit 5
Digit 1,16.51739,1.3847442,-,Digit 1
Digit 2,5.0616345,6.980348,-,Digit 2
Digit 5,-5.5028467,2.7388976,-,Digit 5
Digit 7,13.788298,-11.012117,-,Digit 7
Digit 6,-12.96895,-3.4405026,-,Digit 6
Digit 4,1.0519562,-16.071598,-,Digit 4
Digit 8,-1.6032895,5.628879,-,Digit 8
Digit 9,-0.76505727,-11.741221,-,Digit 9
Digit 3,-5.5467753,13.016226,-,Digit 3
Digit 6,-13.018542,-9.963412,-,Digit 6
Digit 9,8.014707,-9.438118,-,Digit 9
Digit 1,16.1625,1.176462,-,Digit 1
Digit 8,-2.0109339,5.092726,-,Digit 8
Digit 8,-1.6292475,5.7789583,-,Digit 8
Digit 0,-13.508936,3.005533,-,Digit 0
Digit 9,5.9053106,-10.529264,-,Digit 9
Digit 7,6.563789,-15.274223,-,Digit 7
Digit 4,3.0084863,-2.8311374,-,Digit 4
Digit 1,14.1308975,13.4753895,-,Digit 1
Digit 8,4.2937655,1.1264261,-,Digit 8
Digit 0,-18.347973,1.4608856,-,Digit 0
Digit 7,6.647881,-18.58404,-,Digit 7
Digit 6,-13.882807,-6.594969,-,Digit 6
Digit 7,10.925771,-12.414061,-,Digit 7
Digit 1,14.751579,1.5082752,-,Digit 1
Digit 3,-4.8382673,13.135805,-,Digit 3
Digit 1,16.230652,-0.15696783,-,Digit 1
Digit 0,-17.281109,-1.6537962,-,Digit 0
Digit 1,15.442438,12.275163,-,Digit 1
Digit 0,-19.25909,3.5094936,-,Digit 0
Digit 0,-18.1649,1.1099099,-,Digit 0
Digit 0,-18.736427,8.2098255,-,Digit 0
Digit 9,5.3866982,-11.050024,-,Digit 9
Digit 8,3.6622605,3.4719672,-,Digit 8
Digit 1,15.585904,7.678796,-,Digit 1
Digit 4,2.2977133,-5.6078496,-,Digit 4
Digit 4,0.082243375,-14.584165,-,Digit 4
Digit 0,-16.934448,-0.915603,-,Digit 0
Digit 9,3.9414911,-14.180273,-,Digit 9
Digit 3,-7.4597187,9.658411,-,Digit 3
Digit 5,-7.279666,5.195096,-,Digit 5
Digit 9,-4.16429,-13.507302,-,Digit 9
Digit 6,-9.565258,-2.9113233,-,Digit 6
Digit 1,-6.079155,-1.36662,-,Digit 1
Digit 1,13.930727,0.8495687,-,Digit 1
Digit 8,8.753553,-9.398799,-,Digit 8
Digit 6,-12.421293,-7.988965,-,Digit 6
Digit 9,2.5876048,-13.323159,-,Digit 9
Digit 4,-1.7888796,-8.182731,-,Digit 4
Digit 6,-12.356759,-2.885809,-,Digit 6
Digit 5,-9.019978,6.508549,-,Digit 5
Digit 3,-8.307698,9.538277,-,Digit 3
Digit 0,-17.535849,5.019104,-,Digit 0
Digit 4,-3.4377367,-15.046433,-,Digit 4
Digit 4,5.73858,-6.134938,-,Digit 4
Digit 6,-11.838259,-11.318293,-,Digit 6
Digit 0,-15.122824,8.147584,-,Digit 0
Digit 0,-17.038864,3.6655283,-,Digit 0
Digit 2,7.2392974,14.052259,-,Digit 2
Digit 6,-10.873456,-4.5942645,-,Digit 6
Digit 9,7.4297876,-0.49713162,-,Digit 9
Digit 1,15.872208,1.8375031,-,Digit 1
Digit 9,5.4515038,-7.871869,-,Digit 9
Digit 9,7.6413565,-9.07364,-,Digit 9
Digit 7,5.693487,-17.707787,-,Digit 7
Digit 8,-0.89616764,6.5905867,-,Digit 8
Digit 5,-4.9821415,1.0424293,-,Digit 5
Digit 9,7.733336,-11.14216,-,Digit 9
Digit 1,16.097363,1.2411643,-,Digit 1
Digit 5,-3.6019464,-1.6849594,-,Digit 5
Digit 1,14.852308,11.450012,-,Digit 1
Digit 5,-10.885855,10.111405,-,Digit 5
Digit 3,-5.1883197,15.889647,-,Digit 3
Digit 6,-8.133797,-0.7718237,-,Digit 6
Digit 1,15.013792,11.903637,-,Digit 1
Digit 0,-17.458487,3.057861,-,Digit 0
Digit 0,-16.340168,1.3493026,-,Digit 0
Digit 9,-1.0891976,-11.755152,-,Digit 9
Digit 2,7.9469266,9.592187,-,Digit 2
Digit 4,-4.6806636,-11.779705,-,Digit 4
Digit 1,13.92403,4.1341825,-,Digit 1
Digit 0,-18.864784,6.6606293,-,Digit 0
Digit 3,-4.4196258,13.855297,-,Digit 3
Digit 2,6.078623,16.393782,-,Digit 2
Digit 9,7.1538606,-5.028869,-,Digit 9
Digit 6,12.774993,6.264921,-,Digit 6
Digit 2,7.348234,11.891341,-,Digit 2
Digit 6,-11.66742,-1.1966156,-,Digit 6
Digit 8,7.929197,2.7230604,-,Digit 8
Digit 6,-10.970938,-4.886591,-,Digit 6
Digit 4,3.4310582,-6.242379,-,Digit 4
Digit 6,-11.146989,-7.451886,-,Digit 6
Digit 8,6.877529,1.9747022,-,Digit 8
Digit 8,2.5530517,1.5602143,-,Digit 8
Digit 9,4.520069,-11.647852,-,Digit 9
Digit 2,7.1424265,10.770763,-,Digit 2
Digit 8,3.7948687,2.2856295,-,Digit 8
Digit 3,-3.3031871,12.959014,-,Digit 3
Digit 9,-4.813084,-11.921203,-,Digit 9
Digit 0,-18.045353,0.009071181,-,Digit 0
Digit 0,-17.066349,5.543947,-,Digit 0
Digit 0,-16.226345,8.499191,-,Digit 0
Digit 1,17.6971,2.7672012,-,Digit 1
Digit 6,-13.800578,-8.628723,-,Digit 6
Digit 0,-19.508139,6.1343036,-,Digit 0
Digit 1,16.205217,5.31423,-,Digit 1
Digit 0,-13.118705,2.4911754,-,Digit 0
Digit 0,-17.434595,7.0031934,-,Digit 0
Digit 2,6.846261,10.9800625,-,Digit 2
Digit 2,6.022699,5.757648,-,Digit 2
Digit 3,-7.7444124,7.6575933,-,Digit 3
Digit 8,4.4296794,3.6456718,-,Digit 8
Digit 7,8.889813,-15.282389,-,Digit 7
Digit 1,14.541942,12.711075,-,Digit 1
Digit 0,-20.045084,2.0778375,-,Digit 0
Digit 5,-9.984954,9.605648,-,Digit 5
Digit 1,14.740899,-1.2622952,-,Digit 1
Digit 2,8.193236,11.675396,-,Digit 2
Digit 4,3.0386944,-6.954734,-,Digit 4
Digit 7,15.404076,-5.984555,-,Digit 7
Digit 3,-10.3853245,11.264891,-,Digit 3
Digit 2,3.345851,-18.043089,-,Digit 2
Digit 9,-2.5378644,-14.134561,-,Digit 9
Digit 9,8.864399,-7.943157,-,Digit 9
Digit 3,-4.7397933,8.818588,-,Digit 3
Digit 9,-6.786276,8.8304,-,Digit 9
Digit 8,-0.11801637,-13.055403,-,Digit 8
Digit 1,15.789311,9.6075735,-,Digit 1
Digit 1,14.452622,13.024035,-,Digit 1
Digit 9,8.616869,-7.978498,-,Digit 9
Digit 2,8.157143,10.904276,-,Digit 2
Digit 7,15.682269,-2.179489,-,Digit 7
Digit 0,-15.875748,0.81581825,-,Digit 0
Digit 4,-7.920764,-14.375053,-,Digit 4
Digit 0,-17.948715,8.097789,-,Digit 0
Digit 9,-1.7036098,-11.155034,-,Digit 9
Digit 7,13.032355,-5.5789895,-,Digit 7
Digit 3,-10.785112,10.677179,-,Digit 3
Digit 3,-5.3250394,13.422917,-,Digit 3
Digit 2,7.90953,15.317969,-,Digit 2
Digit 8,3.4512742,2.980891,-,Digit 8
Digit 1,15.5538435,10.120025,-,Digit 1
Digit 6,-10.608278,-7.5113206,-,Digit 6
Digit 1,17.429625,5.3289967,-,Digit 1
Digit 6,-11.009356,-7.756395,-,Digit 6
Digit 2,7.6735725,15.751288,-,Digit 2
Digit 0,-19.648819,4.9436464,-,Digit 0
Digit 9,8.301746,-8.242342,-,Digit 9
Digit 3,-4.2718315,13.667099,-,Digit 3
Digit 7,11.9007635,-11.614356,-,Digit 7
Digit 4,5.0893626,-4.895535,-,Digit 4
Digit 2,5.644508,14.310912,-,Digit 2
Digit 4,3.5512056,-7.5304484,-,Digit 4
Digit 9,6.874053,-9.6455765,-,Digit 9
Digit 4,0.8275469,-14.670176,-,Digit 4
Digit 9,-0.4644135,-12.110389,-,Digit 9
Digit 0,-17.179108,8.40548,-,Digit 0
Digit 7,9.135029,-15.766461,-,Digit 7
Digit 8,-3.2468624,-16.34089,-,Digit 8
Digit 0,-18.27131,8.966774,-,Digit 0
Digit 3,-5.9801087,12.500122,-,Digit 3
Digit 4,-0.52453166,-7.183586,-,Digit 4
Digit 4,-0.31030875,-8.964022,-,Digit 4
Digit 0,-14.968505,2.0566554,-,Digit 0
Digit 4,-4.507729,-15.566161,-,Digit 4
Digit 0,-18.229721,6.338249,-,Digit 0
Digit 1,14.793602,-0.7553487,-,Digit 1
Digit 8,2.53221,2.7446823,-,Digit 8
Digit 5,-7.200096,5.2469015,-,Digit 5
Digit 9,0.7024584,-8.31555,-,Digit 9
Digit 7,9.284026,-12.68973,-,Digit 7
Digit 5,0.572828,-1.5605115,-,Digit 5
Digit 7,7.7072763,-17.370327,-,Digit 7
Digit 0,-15.568308,7.3348975,-,Digit 0
Digit 2,5.043534,9.1659155,-,Digit 2
Digit 6,-11.146026,-8.192367,-,Digit 6
Digit 8,-0.34530255,8.19392,-,Digit 8
Digit 0,-15.892817,8.808558,-,Digit 0
Digit 5,-0.45436504,-1.4910451,-,Digit 5
Digit 3,-9.949535,11.592213,-,Digit 3
Digit 9,6.99046,-7.686552,-,Digit 9
Digit 7,11.373022,-10.680029,-,Digit 7
Digit 5,-2.280685,-0.66740865,-,Digit 5
Digit 7,9.242653,-16.37076,-,Digit 7
Digit 0,-16.552084,7.0705295,-,Digit 0
Digit 0,-16.999619,7.3813596,-,Digit 0
Digit 6,-10.212559,1.4508424,-,Digit 6
Digit 2,6.0342107,16.197714,-,Digit 2
Digit 1,14.221809,0.6294488,-,Digit 1
Digit 0,-16.625864,8.313903,-,Digit 0
Digit 1,14.466887,-0.4002007,-,Digit 1
Digit 0,-18.0398,8.052833,-,Digit 0
Digit 2,6.3187494,12.658253,-,Digit 2
Digit 8,-1.8374594,9.152135,-,Digit 8
Digit 2,5.3325877,11.792667,-,Digit 2
Digit 4,3.6393044,-6.1228285,-,Digit 4
Digit 9,-2.6319132,-11.690651,-,Digit 9
Digit 3,3.7724493,12.176945,-,Digit 3
Digit 7,10.265297,-12.941122,-,Digit 7
Digit 5,-3.9541214,-2.8938966,-,Digit 5
Digit 9,-6.2279897,-13.1504135,-,Digit 9
Digit 0,-18.325266,3.4866924,-,Digit 0
Digit 1,14.824394,4.084892,-,Digit 1
Digit 5,-2.8031247,-3.7899554,-,Digit 5
Digit 4,5.9917326,-6.426415,-,Digit 4
Digit 3,-3.050088,11.149077,-,Digit 3
Digit 2,6.241358,7.319028,-,Digit 2
Digit 6,-10.269572,-6.163154,-,Digit 6
Digit 7,12.50541,-6.134142,-,Digit 7
Digit 1,15.706571,4.2684865,-,Digit 1
Digit 6,-14.785481,-8.870284,-,Digit 6
Digit 4,6.1182036,-5.0882554,-,Digit 4
Digit 8,0.36849344,5.9524093,-,Digit 8
Digit 3,-2.1610637,12.786048,-,Digit 3
Digit 2,-12.628128,5.4354453,-,Digit 2
Digit 4,3.7751873,-7.8361254,-,Digit 4
Digit 3,-0.8619142,12.516535,-,Digit 3
Digit 5,-4.4322753,-3.1990254,-,Digit 5
Digit 1,15.02149,4.4706125,-,Digit 1
Digit 2,2.5260777,14.067622,-,Digit 2
Digit 8,3.3510554,1.3953668,-,Digit 8
Digit 6,-9.554923,-3.4423113,-,Digit 6
Digit 7,7.5320964,-18.135937,-,Digit 7
Digit 7,8.673815,-18.311356,-,Digit 7
Digit 2,-8.197369,-7.1756463,-,Digit 2
Digit 9,1.4182445,-8.870033,-,Digit 9
Digit 1,7.875154,14.957947,-,Digit 1
Digit 8,-7.224077,-2.813864,-,Digit 8
Digit 3,-3.4426982,9.655652,-,Digit 3
Digit 1,15.140183,0.967504,-,Digit 1
Digit 7,8.820973,-16.220755,-,Digit 7
Digit 6,6.936618,3.0970917,-,Digit 6
Digit 4,5.7879024,-3.2516353,-,Digit 4
Digit 0,-18.297426,3.8291514,-,Digit 0
Digit 3,-8.582684,9.608166,-,Digit 3
Digit 8,-9.45077,10.505275,-,Digit 8
Digit 3,-8.000878,10.43219,-,Digit 3
Digit 7,7.9744716,-12.762643,-,Digit 7
Digit 4,0.5313663,-9.73987,-,Digit 4
Digit 4,-5.719896,-15.761292,-,Digit 4
Digit 3,-6.0883336,11.962426,-,Digit 3
Digit 0,-15.508363,2.7206247,-,Digit 0
Digit 5,-10.397679,9.631548,-,Digit 5
Digit 9,-1.6608247,-11.628065,-,Digit 9
Digit 4,-4.447877,-15.327426,-,Digit 4
Digit 8,-1.2817402,8.463416,-,Digit 8
Digit 1,16.387383,7.041659,-,Digit 1
Digit 2,6.0871243,7.701806,-,Digit 2
Digit 1,14.522726,12.548132,-,Digit 1
Digit 2,6.024514,7.6847577,-,Digit 2
Digit 8,0.8536961,3.3547359,-,Digit 8
Digit 4,3.5963695,-8.371307,-,Digit 4
Digit 8,7.1400237,2.1727762,-,Digit 8
Digit 8,4.0665197,4.551823,-,Digit 8
Digit 4,1.8037213,-15.313018,-,Digit 4
Digit 1,16.64929,0.91088617,-,Digit 1
Digit 8,2.5160062,2.5895727,-,Digit 8
Digit 8,14.443618,-5.7602744,-,Digit 8
Digit 4,-2.199749,-9.548092,-,Digit 4
Digit 3,-2.8913734,15.964681,-,Digit 3
Digit 7,5.5215917,-16.65204,-,Digit 7
Digit 6,14.1979685,7.0680494,-,Digit 6
Digit 3,-3.9795773,14.971232,-,Digit 3
Digit 7,8.610982,-14.948621,-,Digit 7
Digit 3,-4.986371,9.411849,-,Digit 3
Digit 8,5.9796324,0.8567957,-,Digit 8
Digit 8,-1.7233844,8.598272,-,Digit 8
Digit 4,-0.99678046,-7.5381055,-,Digit 4
Digit 1,16.858131,4.677968,-,Digit 1
Digit 6,-13.475222,-8.96761,-,Digit 6
Digit 8,3.8381393,2.4608266,-,Digit 8
Digit 6,-9.666322,-2.349277,-,Digit 6
Digit 9,0.9031302,-11.616521,-,Digit 9
Digit 1,16.44215,0.45855665,-,Digit 1
Digit 3,-1.5484983,15.991289,-,Digit 3
Digit 1,15.511741,6.9687796,-,Digit 1
Digit 3,-3.831241,9.913615,-,Digit 3
Digit 4,7.579806,-4.1777525,-,Digit 4
Digit 7,7.3196807,-13.918754,-,Digit 7
Digit 7,9.774926,-13.276595,-,Digit 7
Digit 3,2.5439618,3.2946434,-,Digit 3
Digit 2,6.525946,6.8001475,-,Digit 2
Digit 3,-6.017014,8.235124,-,Digit 3
Digit 1,16.445421,6.8162713,-,Digit 1
Digit 4,0.9366823,-7.6228905,-,Digit 4
Digit 9,-4.995963,-12.066734,-,Digit 9
Digit 0,-19.632803,4.4434695,-,Digit 0
Digit 8,5.901727,1.7189829,-,Digit 8
Digit 1,15.977627,11.335272,-,Digit 1
Digit 2,2.6954346,9.751894,-,Digit 2
Digit 8,4.655485,1.5698373,-,Digit 8
Digit 4,-5.188266,-10.942521,-,Digit 4
Digit 6,-12.15534,-8.792583,-,Digit 6
Digit 0,-15.641147,2.932837,-,Digit 0
Digit 0,-18.287846,5.2073693,-,Digit 0
Digit 3,-1.2420001,14.810319,-,Digit 3
Digit 9,9.667418,-10.492328,-,Digit 9
Digit 8,-1.2979758,7.1629024,-,Digit 8
Digit 8,4.8060865,2.3396125,-,Digit 8
Digit 8,-6.45077,7.051965,-,Digit 8
Digit 1,15.747256,9.587192,-,Digit 1
Digit 0,-18.782228,-2.6581154,-,Digit 0
Digit 7,5.839551,-15.408879,-,Digit 7
Digit 4,2.9815454,-4.18454,-,Digit 4
Digit 9,-1.8527706,-11.989601,-,Digit 9
Digit 9,7.141135,-15.92912,-,Digit 9
Digit 9,8.7759075,-9.70512,-,Digit 9
Digit 3,-6.3697243,10.230087,-,Digit 3
Digit 9,4.7166495,-11.323641,-,Digit 9
Digit 1,15.0758505,4.3586993,-,Digit 1
Digit 7,11.312371,-10.056167,-,Digit 7
Digit 0,-17.735926,8.471737,-,Digit 0
Digit 3,9.303078,-1.6083984,-,Digit 3
Digit 2,-16.166306,3.6237478,-,Digit 2
Digit 2,4.258753,9.103406,-,Digit 2
Digit 7,11.809722,-12.430997,-,Digit 7
Digit 7,11.197867,-15.679647,-,Digit 7
Digit 0,-16.432192,6.342676,-,Digit 0
Digit 3,-4.809006,13.474128,-,Digit 3
Digit 2,3.0459332,14.442646,-,Digit 2
Digit 4,4.436136,-3.565963,-,Digit 4
Digit 4,3.1711195,-3.670653,-,Digit 4
Digit 6,-10.713864,-1.0417202,-,Digit 6
Digit 1,14.288967,11.108965,-,Digit 1
Digit 7,8.361576,-12.675874,-,Digit 7
Digit 9,-5.8698936,-13.423711,-,Digit 9
Digit 9,9.414176,-6.666282,-,Digit 9
Digit 7,10.719809,-10.442916,-,Digit 7
Digit 2,3.2955883,11.881622,-,Digit 2
Digit 3,-2.4246168,14.389495,-,Digit 3
Digit 6,-14.926067,-9.460728,-,Digit 6
Digit 4,-4.440659,-15.155734,-,Digit 4
Digit 4,4.9302573,-2.595574,-,Digit 4
Digit 1,15.460273,12.104023,-,Digit 1
Digit 5,-1.7208883,-3.5839722,-,Digit 5
Digit 6,-11.853285,-4.1515293,-,Digit 6
Digit 6,-13.293646,-8.806086,-,Digit 6
Digit 0,-16.681412,5.883203,-,Digit 0
Digit 7,10.469652,-12.965368,-,Digit 7
Digit 2,5.163586,12.518033,-,Digit 2
Digit 7,10.469103,-10.206272,-,Digit 7
Digit 9,6.449127,-9.920405,-,Digit 9
Digit 5,-8.233457,-0.33896855,-,Digit 5
Digit 0,-11.157256,-10.288801,-,Digit 0
Digit 6,-11.499506,-6.463428,-,Digit 6
Digit 9,-3.674959,-13.279423,-,Digit 9
Digit 5,-6.652791,2.5359528,-,Digit 5
Digit 7,10.703049,-14.152606,-,Digit 7
Digit 7,0.27045828,-14.281996,-,Digit 7
Digit 2,4.5500493,13.90434,-,Digit 2
Digit 7,7.124377,-15.458872,-,Digit 7
Digit 2,6.8479023,16.235558,-,Digit 2
Digit 0,-15.728887,2.7300591,-,Digit 0
Digit 0,-15.618239,1.8140857,-,Digit 0
Digit 4,-1.8865918,-9.164618,-,Digit 4
Digit 7,9.77151,-11.124556,-,Digit 7
Digit 1,15.594568,8.418795,-,Digit 1
Digit 2,7.885722,12.969135,-,Digit 2
Digit 2,6.0523596,7.8281827,-,Digit 2
Digit 3,11.876972,0.3267573,-,Digit 3
Digit 5,-15.788776,4.853545,-,Digit 5
Digit 3,-4.112525,11.376166,-,Digit 3
Digit 4,3.6696749,-8.670216,-,Digit 4
Digit 3,0.35519722,1.405599,-,Digit 3
Digit 8,5.2904305,3.993129,-,Digit 8
Digit 4,-5.802798,-15.949793,-,Digit 4
Digit 6,-13.877047,-6.6543503,-,Digit 6
Digit 6,-11.130561,-4.0952616,-,Digit 6
Digit 8,-7.6006784,8.942233,-,Digit 8
Digit 2,-1.8898767,2.3463862,-,Digit 2
Digit 3,-1.4913032,14.221934,-,Digit 3
Digit 5,-0.79200816,-1.0611951,-,Digit 5
Digit 9,1.4543159,-9.510654,-,Digit 9
Digit 7,12.907335,-9.992538,-,Digit 7
Digit 4,-3.3350554,-10.972967,-,Digit 4
Digit 1,15.780844,12.039429,-,Digit 1
Digit 3,-7.4687576,11.220956,-,Digit 3
Digit 2,7.319989,12.043808,-,Digit 2
Digit 1,16.511171,4.68596,-,Digit 1
Digit 8,-2.0866237,6.4901166,-,Digit 8
Digit 1,15.387509,9.602437,-,Digit 1
Digit 1,15.661598,10.0551,-,Digit 1
Digit 5,-9.181337,3.0784786,-,Digit 5
Digit 8,5.642931,1.5994133,-,Digit 8
Digit 4,4.342597,-6.7961273,-,Digit 4
Digit 6,-11.999797,-9.942368,-,Digit 6
Digit 3,-4.1272216,11.482491,-,Digit 3
Digit 6,-10.023171,5.206069,-,Digit 6
Digit 9,-5.454694,-13.625668,-,Digit 9
Digit 9,-1.9109745,-11.172555,-,Digit 9
Digit 9,4.4397883,-9.787567,-,Digit 9
Digit 1,14.890642,9.749446,-,Digit 1
Digit 0,-16.181417,5.832547,-,Digit 0
Digit 8,6.342678,1.0231642,-,Digit 8
Digit 0,-14.494604,6.3856964,-,Digit 0
Digit 4,3.2003257,-4.955822,-,Digit 4
Digit 0,-17.604109,5.662046,-,Digit 0
Digit 1,16.650637,2.8851564,-,Digit 1
Digit 7,13.542795,-9.706909,-,Digit 7
Digit 6,-10.512211,-0.12894362,-,Digit 6
Digit 5,-11.371697,8.829648,-,Digit 5
Digit 2,5.161736,14.933834,-,Digit 2
Digit 4,-2.8895106,-12.111586,-,Digit 4
Digit 4,2.2551808,-6.4471006,-,Digit 4
Digit 0,-16.117693,-0.07837002,-,Digit 0
Digit 3,-5.398617,13.997104,-,Digit 3
Digit 2,-12.567574,5.5162883,-,Digit 2
Digit 3,-1.0812064,13.6444435,-,Digit 3
Digit 8,-0.6295088,9.168976,-,Digit 8
Digit 7,13.454459,-8.911471,-,Digit 7
Digit 3,-8.890904,11.372231,-,Digit 3
Digit 2,-6.592828,-9.710989,-,Digit 2
Digit 4,0.1295535,-15.285318,-,Digit 4
Digit 6,-11.290263,-8.984359,-,Digit 6
Digit 6,-12.040304,-3.4685736,-,Digit 6
Digit 6,-13.348492,-9.933047,-,Digit 6
Digit 8,-9.391095,10.718733,-,Digit 8
Digit 0,-17.511124,8.966862,-,Digit 0
Digit 8,-4.937011,5.2981973,-,Digit 8
Digit 3,-8.616298,11.358879,-,Digit 3
Digit 5,-2.4769893,-0.61494327,-,Digit 5
Digit 0,-17.848396,3.605105,-,Digit 0
Digit 0,-15.867153,2.5693474,-,Digit 0
Digit 1,14.537908,12.720595,-,Digit 1
Digit 8,3.7011414,3.1900246,-,Digit 8
Digit 9,2.7552426,-12.461556,-,Digit 9
Digit 6,-11.349563,-10.566302,-,Digit 6
Digit 2,4.7545147,13.885338,-,Digit 2
Digit 9,3.1426792,-11.636083,-,Digit 9
Digit 1,14.540185,11.254103,-,Digit 1
Digit 2,5.717173,11.204191,-,Digit 2
Digit 0,-17.02533,1.8087058,-,Digit 0
Digit 9,4.9224873,-16.252996,-,Digit 9
Digit 5,-8.435155,4.134498,-,Digit 5
Digit 0,-15.95944,5.152918,-,Digit 0
Digit 1,17.785349,5.629948,-,Digit 1
Digit 5,-5.9863486,2.5832527,-,Digit 5
Digit 5,-11.091692,10.051166,-,Digit 5
Digit 7,9.193617,-12.087702,-,Digit 7
Digit 6,-8.372728,-2.5486505,-,Digit 6
Digit 9,-4.676762,8.650036,-,Digit 9
Digit 9,0.9609072,-11.865064,-,Digit 9
Digit 4,7.2777405,-3.5449843,-,Digit 4
Digit 8,-3.7479804,5.551764,-,Digit 8
Digit 8,3.9762058,2.152791,-,Digit 8
Digit 6,-11.47217,-0.97950494,-,Digit 6
Digit 7,9.287125,-15.8391,-,Digit 7
Digit 4,-7.043512,-15.358558,-,Digit 4
Digit 0,-12.698793,7.3110886,-,Digit 0
Digit 0,-13.561057,3.4695113,-,Digit 0
Digit 2,7.476836,15.221306,-,Digit 2
Digit 1,15.839058,6.320218,-,Digit 1
Digit 6,-14.042316,-5.026114,-,Digit 6
Digit 9,6.465278,-9.219202,-,Digit 9
Digit 7,10.496945,-11.673648,-,Digit 7
Digit 8,-0.50015104,1.8280413,-,Digit 8
Digit 1,16.392067,-0.2682196,-,Digit 1
Digit 0,-16.867977,7.4576917,-,Digit 0
Digit 3,-9.070601,13.316949,-,Digit 3
Digit 0,-12.504772,7.491403,-,Digit 0
Digit 5,-3.0953102,-0.037279338,-,Digit 5
Digit 5,-3.9916494,3.355597,-,Digit 5
Digit 0,-11.165805,3.1361868,-,Digit 0
Digit 6,-9.349487,-2.9508092,-,Digit 6
Digit 7,11.693506,-10.319611,-,Digit 7
Digit 3,-9.915967,10.939901,-,Digit 3
Digit 0,-16.574335,0.35424712,-,Digit 0
Digit 0,-17.639841,5.577929,-,Digit 0
Digit 9,6.730272,-11.586991,-,Digit 9
Digit 4,-4.669095,-12.200107,-,Digit 4
Digit 4,2.546877,-6.3648567,-,Digit 4
Digit 9,5.7173696,-8.561532,-,Digit 9
Digit 7,11.344256,-11.692944,-,Digit 7
Digit 1,15.346749,3.7578766,-,Digit 1
Digit 1,15.720747,10.488577,-,Digit 1
Digit 6,-14.142905,-7.888954,-,Digit 6
Digit 2,3.230158,13.90246,-,Digit 2
Digit 6,-12.855677,-7.701054,-,Digit 6
Digit 2,8.444847,12.452962,-,Digit 2
Digit 5,-7.3582954,6.8588934,-,Digit 5
Digit 3,-0.9179479,15.073987,-,Digit 3
Digit 5,-3.64208,-0.44953144,-,Digit 5
Digit 2,4.1470323,9.501754,-,Digit 2
Digit 9,-5.9706893,-13.83455,-,Digit 9
Digit 8,6.793439,5.248629,-,Digit 8
Digit 5,-8.191511,5.666412,-,Digit 5
Digit 8,5.425357,1.1018407,-,Digit 8
Digit 3,-7.0576987,11.603771,-,Digit 3
Digit 8,-9.032172,10.759916,-,Digit 8
Digit 5,0.9763307,-2.6444223,-,Digit 5
Digit 3,-0.5149703,1.0824677,-,Digit 3
Digit 1,15.554565,10.340164,-,Digit 1
Digit 7,8.482314,-15.221991,-,Digit 7
Digit 5,-7.682046,6.0911436,-,Digit 5
Digit 2,4.309028,9.835004,-,Digit 2
Digit 1,16.338253,5.850764,-,Digit 1
Digit 8,7.2090445,0.7111878,-,Digit 8
Digit 7,9.296135,-13.904474,-,Digit 7
Digit 9,6.008721,-8.383167,-,Digit 9
Digit 6,-11.85294,-7.2371626,-,Digit 6
Digit 0,-16.378191,5.6617923,-,Digit 0
Digit 1,16.636932,4.0057507,-,Digit 1
Digit 9,4.576233,-11.034396,-,Digit 9
Digit 4,-0.3441985,-9.921789,-,Digit 4
Digit 8,-9.661617,10.658589,-,Digit 8
Digit 8,-1.8004407,5.426167,-,Digit 8
Digit 7,0.35328874,-12.578375,-,Digit 7
Digit 9,-2.991921,-13.170535,-,Digit 9
Digit 3,-3.0817466,16.083952,-,Digit 3
Digit 1,15.970215,7.0670958,-,Digit 1
Digit 3,-4.700467,14.256705,-,Digit 3
Digit 6,-13.312701,-8.342525,-,Digit 6
Digit 5,-3.8827124,-3.8837156,-,Digit 5
Digit 7,10.664824,-9.912996,-,Digit 7
Digit 8,-2.189182,14.951986,-,Digit 8
Digit 9,0.11682193,-12.923837,-,Digit 9
Digit 4,-7.6987658,-13.0956135,-,Digit 4
Digit 2,-7.298629,15.334168,-,Digit 2
Digit 0,-14.336475,4.9092836,-,Digit 0
Digit 9,-0.5097339,-11.585392,-,Digit 9
Digit 6,-13.469677,-4.8845835,-,Digit 6
Digit 6,-12.627531,-3.6336462,-,Digit 6
Digit 1,16.27798,7.2432985,-,Digit 1
Digit 2,6.7564335,13.981548,-,Digit 2
Digit 8,3.8478587,2.5800612,-,Digit 8
Digit 8,-1.3267304,6.3499503,-,Digit 8
Digit 5,-5.1713066,0.22599246,-,Digit 5
Digit 6,-10.452352,-6.681266,-,Digit 6
Digit 6,-10.857918,-8.549935,-,Digit 6
Digit 4,-1.5124694,-14.058892,-,Digit 4
Digit 7,5.543945,-16.479816,-,Digit 7
Digit 7,9.314086,-16.127714,-,Digit 7
Digit 3,-1.102437,12.642183,-,Digit 3
Digit 7,11.125268,-12.052773,-,Digit 7
Digit 1,13.845161,11.089338,-,Digit 1
Digit 8,4.270706,4.935979,-,Digit 8
Digit 0,-15.246388,3.1891348,-,Digit 0
Digit 8,-1.7639486,8.0291605,-,Digit 8
Digit 0,-15.566577,4.8212194,-,Digit 0
Digit 9,-4.343283,-12.6216345,-,Digit 9
Digit 6,-10.560943,-1.2370639,-,Digit 6
Digit 7,7.0710034,-18.217264,-,Digit 7
Digit 3,-3.803276,14.4735985,-,Digit 3
Digit 2,12.4523,4.8790956,-,Digit 2
Digit 2,12.615399,4.827886,-,Digit 2
Digit 8,5.5211926,1.5381595,-,Digit 8
Digit 9,4.0729165,-9.448309,-,Digit 9
Digit 1,16.27111,1.0822394,-,Digit 1
Digit 3,-4.5896964,13.0670185,-,Digit 3
Digit 8,5.9428215,3.1557999,-,Digit 8
Digit 2,6.5563526,11.728606,-,Digit 2
Digit 7,11.927671,-11.695621,-,Digit 7
Digit 8,4.4290676,2.230076,-,Digit 8
Digit 1,14.869416,1.9310663,-,Digit 1
Digit 4,-1.3704522,-16.267319,-,Digit 4
Digit 5,-2.1902049,-0.7725304,-,Digit 5
Digit 2,4.5461097,15.00951,-,Digit 2
Digit 6,-10.998943,-5.6181626,-,Digit 6
Digit 7,12.32657,-6.744564,-,Digit 7
Digit 1,15.432181,0.8234144,-,Digit 1
Digit 6,-0.29102182,-0.7784868,-,Digit 6
Digit 7,11.716637,-10.946623,-,Digit 7
Digit 3,-8.065966,10.034112,-,Digit 3
Digit 2,4.9690905,14.08413,-,Digit 2
Digit 0,-16.672674,5.809377,-,Digit 0
Digit 4,5.5653324,-7.1577663,-,Digit 4
Digit 1,11.835596,-3.6074533,-,Digit 1
Digit 9,-3.2204134,-13.286421,-,Digit 9
Digit 9,-5.224114,-13.823474,-,Digit 9
Digit 6,-12.74967,-5.388491,-,Digit 6
Digit 0,-18.103851,2.309172,-,Digit 0
Digit 7,5.6796994,-17.832067,-,Digit 7
Digit 6,-13.52664,-8.387566,-,Digit 6
Digit 0,-17.223438,5.38336,-,Digit 0
Digit 8,-3.4147499,6.6027684,-,Digit 8
Digit 8,-5.533571,6.241007,-,Digit 8
Digit 5,0.76481277,-2.7469404,-,Digit 5
Digit 7,9.02692,-16.984377,-,Digit 7
Digit 8,-4.161424,5.505382,-,Digit 8
Digit 8,-2.9151814,-6.367457,-,Digit 8
Digit 5,-6.7890716,4.804162,-,Digit 5
Digit 8,-1.4327213,4.597808,-,Digit 8
Digit 1,16.067753,0.39950383,-,Digit 1
Digit 7,6.9950485,-18.094065,-,Digit 7
Digit 5,-0.030488988,-1.3193985,-,Digit 5
Digit 7,7.984818,-15.404512,-,Digit 7
Digit 7,12.282151,-5.9157825,-,Digit 7
Digit 3,-8.106121,9.637875,-,Digit 3
Digit 6,-15.10086,-7.277378,-,Digit 6
Digit 8,5.4722614,1.4075589,-,Digit 8
Digit 9,0.12703995,-11.592798,-,Digit 9
Digit 4,2.1303139,-6.695812,-,Digit 4
Digit 1,14.567014,0.79807556,-,Digit 1
Digit 3,-2.5320618,10.825332,-,Digit 3
Digit 3,-7.926959,11.799746,-,Digit 3
Digit 6,-12.9237175,-2.242843,-,Digit 6
Digit 4,-3.76766,-14.751299,-,Digit 4
Digit 5,-9.324864,7.710196,-,Digit 5
Digit 4,3.4584222,-6.9990873,-,Digit 4
Digit 4,-4.824447,-15.936916,-,Digit 4
Digit 6,-13.929216,-7.6549873,-,Digit 6
Digit 8,-2.9207978,-5.832248,-,Digit 8
Digit 2,5.8669333,8.774216,-,Digit 2
Digit 1,15.977364,-0.61884004,-,Digit 1
Digit 1,16.204813,12.582254,-,Digit 1
Digit 9,3.9301908,-9.546449,-,Digit 9
Digit 8,1.8054792,2.6147332,-,Digit 8
Digit 9,8.183727,-7.819671,-,Digit 9
Digit 3,-4.744078,10.140067,-,Digit 3
Digit 2,8.4625225,11.101971,-,Digit 2
Digit 8,4.405451,0.788573,-,Digit 8
Digit 3,6.7316713,6.7929792,-,Digit 3
Digit 2,8.709857,9.813394,-,Digit 2
Digit 1,14.66772,-0.2296392,-,Digit 1
Digit 5,-8.936469,4.2510953,-,Digit 5
Digit 1,14.502078,3.698835,-,Digit 1
Digit 1,15.207422,12.619117,-,Digit 1
Digit 6,-13.550068,-4.413836,-,Digit 6
Digit 5,-10.956598,6.1471286,-,Digit 5
Digit 1,15.84622,3.3663464,-,Digit 1
Digit 4,5.309967,-2.6859655,-,Digit 4
Digit 1,14.944673,11.535382,-,Digit 1
Digit 0,-18.21334,7.530477,-,Digit 0
Digit 2,7.7088103,7.4836874,-,Digit 2
Digit 1,16.108759,0.3981525,-,Digit 1
Digit 3,-6.078009,11.426474,-,Digit 3
Digit 0,-17.451778,3.3179302,-,Digit 0
Digit 5,-2.8720806,1.115244,-,Digit 5
Digit 9,0.7145843,-12.913743,-,Digit 9
Digit 4,10.329493,-6.969891,-,Digit 4
Digit 3,-1.2548958,14.76394,-,Digit 3
Digit 4,1.3196156,-14.362095,-,Digit 4
Digit 5,-6.191425,4.5223656,-,Digit 5
Digit 6,-9.1642065,-4.5984054,-,Digit 6
Digit 1,16.229567,-0.60879755,-,Digit 1
Digit 7,6.3398633,-1.3128257,-,Digit 7
Digit 8,9.628473,2.1482506,-,Digit 8
Digit 8,-5.2060556,6.5029826,-,Digit 8
Digit 4,3.9147043,-6.8375793,-,Digit 4
Digit 0,-16.658113,6.7664056,-,Digit 0
Digit 3,-4.23915,13.528205,-,Digit 3
Digit 5,-2.1611342,-1.1428382,-,Digit 5
Digit 3,-3.0539603,11.473297,-,Digit 3
Digit 6,-13.575523,-2.8808665,-,Digit 6
Digit 1,14.851342,4.2738395,-,Digit 1
Digit 3,-6.5932407,11.176912,-,Digit 3
Digit 9,1.439645,-11.724365,-,Digit 9
Digit 2,10.810797,-12.631482,-,Digit 2
Digit 2,6.9096913,12.136409,-,Digit 2
Digit 8,5.700801,3.6713867,-,Digit 8
Digit 9,1.0661347,-12.828514,-,Digit 9
Digit 1,16.50385,5.749636,-,Digit 1
Digit 2,2.9990861,8.468535,-,Digit 2
Digit 2,-6.500674,-5.534689,-,Digit 2
Digit 6,-13.385805,-4.303031,-,Digit 6
Digit 5,-4.077118,-5.2237673,-,Digit 5
Digit 1,17.447994,5.981387,-,Digit 1
Digit 4,3.5794437,-7.618672,-,Digit 4
Digit 3,-7.1378455,10.443124,-,Digit 3
Digit 2,5.2165003,11.014779,-,Digit 2
Digit 6,-12.1750765,-7.6022367,-,Digit 6
Digit 3,-4.8463697,12.088731,-,Digit 3
Digit 2,5.5615206,12.175249,-,Digit 2
Digit 7,8.889923,-16.070509,-,Digit 7
Digit 9,8.251911,-7.1819334,-,Digit 9
Digit 7,11.742319,-12.003102,-,Digit 7
Digit 7,7.9549346,-12.801679,-,Digit 7
Digit 9,1.088901,-12.756751,-,Digit 9
Digit 7,10.92049,-9.097267,-,Digit 7
Digit 3,-3.7360013,8.605095,-,Digit 3
Digit 2,6.2789764,7.354049,-,Digit 2
Digit 4,-9.336576,-12.15623,-,Digit 4
Digit 9,-1.3457882,-12.626948,-,Digit 9
Digit 2,4.666559,14.657469,-,Digit 2
Digit 7,8.758796,-12.891161,-,Digit 7
Digit 3,-5.1171775,8.613229,-,Digit 3
Digit 6,-7.3897214,-2.1374948,-,Digit 6
Digit 5,0.25731125,-1.3947408,-,Digit 5
Digit 7,10.809729,-8.219709,-,Digit 7
Digit 2,6.0321717,15.977008,-,Digit 2
Digit 2,8.772486,11.343882,-,Digit 2
Digit 6,-10.562049,-7.044822,-,Digit 6
Digit 4,5.486279,-5.337115,-,Digit 4
Digit 4,3.6281796,-6.312558,-,Digit 4
Digit 7,12.60741,-5.519962,-,Digit 7
Digit 9,-3.7207875,-14.737106,-,Digit 9
Digit 6,-11.100611,-5.7393236,-,Digit 6
Digit 3,-1.2699798,13.910482,-,Digit 3
Digit 9,-2.3385391,-13.150559,-,Digit 9
Digit 4,-8.139412,-14.297288,-,Digit 4
Digit 1,16.639725,3.8069677,-,Digit 1
Digit 5,-7.163782,-1.4620069,-,Digit 5
Digit 5,-3.5494645,-0.4926042,-,Digit 5
Digit 7,10.870557,-10.022264,-,Digit 7
Digit 9,8.97729,-1.9448961,-,Digit 9
Digit 8,4.1776557,4.0894303,-,Digit 8
Digit 1,15.5420065,8.626464,-,Digit 1
Digit 7,13.900013,-10.899477,-,Digit 7
Digit 1,15.434409,10.00791,-,Digit 1
Digit 1,16.505173,-0.41524455,-,Digit 1
Digit 0,-15.563331,1.5642749,-,Digit 0
Digit 8,2.8896894,2.8092,-,Digit 8
Digit 3,-7.799364,11.108841,-,Digit 3
Digit 1,15.934221,8.058905,-,Digit 1
Digit 3,-5.9120207,12.003498,-,Digit 3
Digit 1,15.370069,0.54216313,-,Digit 1
Digit 2,8.092771,12.317047,-,Digit 2
Digit 4,-0.009052315,-16.649933,-,Digit 4
Digit 4,6.493878,-4.8581004,-,Digit 4
Digit 6,-8.205171,-2.15818,-,Digit 6
Digit 6,-11.160689,-4.923184,-,Digit 6
Digit 6,-13.07327,-1.9480921,-,Digit 6
Digit 9,7.6563993,-5.168273,-,Digit 9
Digit 2,5.2261353,8.169114,-,Digit 2
Digit 1,14.107807,11.930686,-,Digit 1
Digit 4,-1.5505018,-9.7873535,-,Digit 4
Digit 7,11.291203,-10.991783,-,Digit 7
Digit 2,10.705202,10.123755,-,Digit 2
Digit 6,-13.678214,-10.588806,-,Digit 6
Digit 2,5.4158206,10.013648,-,Digit 2
Digit 2,5.9666834,14.920619,-,Digit 2
Digit 3,-1.9066805,15.175566,-,Digit 3
Digit 9,6.9135485,-7.72232,-,Digit 9
Digit 0,-14.172344,3.8145134,-,Digit 0
Digit 9,-5.6856995,-13.759762,-,Digit 9
Digit 6,-13.478499,-6.189128,-,Digit 6
Digit 3,-0.8990688,15.716935,-,Digit 3
Digit 9,12.1421995,-3.3069463,-,Digit 9
Digit 1,15.3189125,2.148442,-,Digit 1
Digit 1,15.148237,3.2996697,-,Digit 1
Digit 5,-1.9915602,-3.0416498,-,Digit 5
Digit 4,3.7815633,-7.464006,-,Digit 4
Digit 7,10.182667,-10.211336,-,Digit 7
Digit 0,-16.626423,5.6833615,-,Digit 0
Digit 4,5.074465,-2.7289007,-,Digit 4
Digit 5,-5.0860415,-0.58850896,-,Digit 5
Digit 7,12.29628,-10.817098,-,Digit 7
Digit 5,-2.6574829,-3.9698315,-,Digit 5
Digit 5,-5.037359,2.26128,-,Digit 5
Digit 6,-7.7414346,-4.093945,-,Digit 6
Digit 3,-3.6964757,9.818597,-,Digit 3
Digit 6,-12.416773,-10.84983,-,Digit 6
Digit 8,4.496999,0.7197513,-,Digit 8
Digit 9,11.914264,-2.6669888,-,Digit 9
Digit 7,11.182245,-13.017922,-,Digit 7
Digit 4,3.265054,-3.5632122,-,Digit 4
Digit 2,9.049585,12.189582,-,Digit 2
Digit 2,5.161073,10.538834,-,Digit 2
Digit 7,6.882927,-17.077198,-,Digit 7
Digit 1,14.441176,4.7829003,-,Digit 1
Digit 9,8.217033,-7.04116,-,Digit 9
Digit 6,-9.83083,0.10076989,-,Digit 6
Digit 1,13.108073,9.1640415,-,Digit 1
Digit 4,2.6124434,-5.1185665,-,Digit 4
Digit 1,15.104657,12.479295,-,Digit 1
Digit 0,-16.991968,8.278762,-,Digit 0
Digit 0,-17.981623,1.3513442,-,Digit 0
Digit 1,14.232665,10.440295,-,Digit 1
Digit 1,15.747097,3.0603564,-,Digit 1
Digit 9,-0.38471317,-11.709751,-,Digit 9
Digit 1,15.779032,4.494481,-,Digit 1
Digit 2,0.10558868,0.20666848,-,Digit 2
Digit 5,-4.317029,1.0289733,-,Digit 5
Digit 4,-4.5455036,-15.6228485,-,Digit 4
Digit 3,-3.2873335,14.693766,-,Digit 3
Digit 1,17.47763,6.1311617,-,Digit 1
Digit 1,15.024936,11.280787,-,Digit 1
Digit 1,14.695576,8.983348,-,Digit 1
Digit 6,-12.040828,-8.272237,-,Digit 6
Digit 2,6.947013,8.512273,-,Digit 2
Digit 9,7.872097,-5.3331156,-,Digit 9
Digit 3,-1.240612,12.72748,-,Digit 3
Digit 6,-9.291105,-4.9904804,-,Digit 6
Digit 1,14.195399,3.0191214,-,Digit 1
Digit 3,-6.515234,14.025806,-,Digit 3
Digit 5,-2.7111962,6.596843,-,Digit 5
Digit 7,9.852756,-14.041188,-,Digit 7
Digit 7,10.889913,-8.664495,-,Digit 7
Digit 7,8.5028515,-15.223154,-,Digit 7
Digit 0,-18.726017,5.5606046,-,Digit 0
Digit 1,16.306583,12.197145,-,Digit 1
Digit 2,6.4699426,12.974415,-,Digit 2
Digit 2,7.746448,15.246363,-,Digit 2
Digit 8,-1.7203377,9.048276,-,Digit 8
Digit 1,-7.2512827,-4.9239063,-,Digit 1
Digit 0,-18.209856,2.5333965,-,Digit 0
Digit 1,14.31872,10.296487,-,Digit 1
Digit 8,-5.388023,9.415655,-,Digit 8
Digit 9,-1.5869652,-11.136449,-,Digit 9
Digit 5,-10.206401,-6.061732,-,Digit 5
Digit 1,14.444899,-0.038879097,-,Digit 1
Digit 9,-7.1900177,-10.104087,-,Digit 9
Digit 6,-12.987827,-1.9688883,-,Digit 6
Digit 8,0.35225445,3.5043058,-,Digit 8
Digit 0,-19.679173,7.636872,-,Digit 0
Digit 9,7.1261144,-9.368905,-,Digit 9
Digit 7,13.16942,-9.972591,-,Digit 7
Digit 6,-11.736769,-6.198173,-,Digit 6
Digit 2,5.8068914,12.202141,-,Digit 2
Digit 6,-9.167185,-0.2401232,-,Digit 6
Digit 6,-12.819873,-7.4002028,-,Digit 6
Digit 5,0.45918614,-1.3873614,-,Digit 5
Digit 7,6.0638204,-16.666246,-,Digit 7
Digit 3,-8.217991,11.185752,-,Digit 3
Digit 2,8.10008,15.241657,-,Digit 2
Digit 1,15.596229,-0.3994987,-,Digit 1
Digit 9,8.995632,-4.0899515,-,Digit 9
Digit 6,-12.748034,-5.7806144,-,Digit 6
Digit 6,-11.045869,-6.647708,-,Digit 6
Digit 9,-0.5299225,-12.562167,-,Digit 9
Digit 5,-0.10156929,-0.56632936,-,Digit 5
Digit 6,-13.001905,-5.1344633,-,Digit 6
Digit 2,-19.11611,0.56837994,-,Digit 2
Digit 6,-10.759396,-4.2587934,-,Digit 6
Digit 1,14.19267,11.6617775,-,Digit 1
Digit 4,-0.7014099,-10.965801,-,Digit 4
Digit 6,-8.291904,-3.6147852,-,Digit 6
Digit 7,11.963495,-12.642443,-,Digit 7
Digit 1,16.779367,3.8212469,-,Digit 1
Digit 4,4.568672,-5.3418484,-,Digit 4
Digit 8,3.845899,2.142033,-,Digit 8
Digit 9,-6.9479585,8.848016,-,Digit 9
Digit 3,-3.8318675,14.187552,-,Digit 3
Digit 2,3.8751855,9.855192,-,Digit 2
Digit 5,-9.117588,9.252032,-,Digit 5
Digit 4,0.6529251,-10.757551,-,Digit 4
Digit 3,-2.6504257,15.177191,-,Digit 3
Digit 8,3.8033636,4.157698,-,Digit 8
Digit 2,4.4727616,7.2511625,-,Digit 2
Digit 7,6.1804614,-15.357261,-,Digit 7
Digit 7,11.252153,-15.684292,-,Digit 7
Digit 4,3.728757,-7.933687,-,Digit 4
Digit 8,-0.83582467,8.646545,-,Digit 8
Digit 2,7.017497,15.311026,-,Digit 2
Digit 0,-18.026928,8.809468,-,Digit 0
Digit 8,8.003905,3.072707,-,Digit 8
Digit 9,8.153784,-8.230923,-,Digit 9
Digit 2,5.8710203,8.33578,-,Digit 2
Digit 1,15.622311,9.96977,-,Digit 1
Digit 7,16.243141,3.016565,-,Digit 7
Digit 2,4.728926,10.2658615,-,Digit 2
Digit 3,2.436561,5.1295843,-,Digit 3
Digit 5,-2.6203198,-3.2837057,-,Digit 5
Digit 3,-3.9875576,10.970804,-,Digit 3
Digit 9,-7.2570577,9.220854,-,Digit 9
Digit 4,-3.898275,-14.353348,-,Digit 4
Digit 9,-6.5884004,-13.325147,-,Digit 9
Digit 0,-18.029015,8.054216,-,Digit 0
Digit 0,-18.97638,8.408688,-,Digit 0
Digit 0,-18.528461,3.7272747,-,Digit 0
Digit 1,15.161616,0.72051084,-,Digit 1
Digit 3,-7.1794243,14.148414,-,Digit 3
Digit 2,6.2394457,7.552471,-,Digit 2
Digit 8,-0.6574767,6.794624,-,Digit 8
Digit 1,14.062402,0.928748,-,Digit 1
Digit 9,1.4073455,-12.869527,-,Digit 9
Digit 1,15.59312,11.481925,-,Digit 1
Digit 4,-4.946375,-11.43591,-,Digit 4
Digit 7,11.613364,-13.207851,-,Digit 7
Digit 1,16.821354,-0.6114065,-,Digit 1
Digit 8,-9.604637,7.9986644,-,Digit 8
Digit 4,-1.7973,-9.916516,-,Digit 4
Digit 9,-4.7007194,-13.529856,-,Digit 9
Digit 5,-6.1767416,4.821846,-,Digit 5
Digit 9,6.124392,-9.417249,-,Digit 9
Digit 0,-17.449978,6.328944,-,Digit 0
Digit 8,3.400794,3.3780284,-,Digit 8
Digit 6,-9.767721,-1.8353851,-,Digit 6
Digit 9,8.754164,-6.2856407,-,Digit 9
Digit 9,2.5305135,-14.017415,-,Digit 9
Digit 3,-8.626687,13.903315,-,Digit 3
Digit 3,-1.7990952,13.8586235,-,Digit 3
Digit 6,-13.574688,-10.410881,-,Digit 6
Digit 3,-6.5348287,14.289983,-,Digit 3
Digit 0,-13.353647,6.9621406,-,Digit 0
Digit 6,-12.837785,-4.85382,-,Digit 6
Digit 1,16.945496,0.4044431,-,Digit 1
Digit 0,-18.629234,7.8965197,-,Digit 0
Digit 6,-9.5589,0.36060214,-,Digit 6
Digit 4,4.601332,-5.50369,-,Digit 4
Digit 1,14.4505415,-0.17190176,-,Digit 1
Digit 9,8.351108,-4.145509,-,Digit 9
Digit 0,-18.788126,6.979964,-,Digit 0
Digit 8,5.237193,5.7390456,-,Digit 8
Digit 6,-11.6897335,-7.9512906,-,Digit 6
Digit 6,-10.13578,-1.7512292,-,Digit 6
Digit 2,8.7775755,11.519003,-,Digit 2
Digit 6,-14.590307,-4.613783,-,Digit 6
Digit 9,2.5834293,-14.784994,-,Digit 9
Digit 4,0.16875225,-8.816446,-,Digit 4
Digit 8,-2.338959,9.105326,-,Digit 8
Digit 5,-9.31137,4.5366254,-,Digit 5
Digit 2,8.661116,15.445521,-,Digit 2
Digit 8,-3.788413,5.237572,-,Digit 8
Digit 5,-7.6390185,5.4451733,-,Digit 5
Digit 4,3.5428948,-6.6609883,-,Digit 4
Digit 8,4.653147,2.615125,-,Digit 8
Digit 5,-2.0838373,-1.1420805,-,Digit 5
Digit 1,14.296584,13.604602,-,Digit 1
Digit 2,4.7598944,14.399995,-,Digit 2
Digit 4,2.786417,-6.885044,-,Digit 4
Digit 5,-6.2864347,4.2787676,-,Digit 5
Digit 8,-8.556711,10.438554,-,Digit 8
Digit 0,-17.89938,1.5676247,-,Digit 0
Digit 3,-4.542594,-4.4962296,-,Digit 3
Digit 0,-18.737427,5.838402,-,Digit 0
Digit 7,10.674883,-10.549464,-,Digit 7
Digit 9,2.7192397,-12.910785,-,Digit 9
Digit 7,9.816088,-6.200311,-,Digit 7
Digit 2,-12.320828,5.382666,-,Digit 2
Digit 7,8.110818,-16.995153,-,Digit 7
Digit 8,-1.7834884,5.107027,-,Digit 8
Digit 9,-6.0298533,-12.54419,-,Digit 9
Digit 5,0.108241744,-1.3343105,-,Digit 5
Digit 5,-4.427473,1.3074434,-,Digit 5
Digit 8,-10.054057,4.282138,-,Digit 8
Digit 7,6.917165,-17.164532,-,Digit 7
Digit 4,-0.71475637,-16.42947,-,Digit 4
Digit 4,1.039958,-14.548114,-,Digit 4
Digit 0,-17.21561,1.8399225,-,Digit 0
Digit 2,-13.851959,4.972388,-,Digit 2
Digit 1,17.172506,7.0192947,-,Digit 1
Digit 8,-0.83579856,5.8758645,-,Digit 8
Digit 5,-7.910196,6.6502995,-,Digit 5
Digit 1,14.724831,11.113289,-,Digit 1
Digit 9,6.4425325,-9.393142,-,Digit 9
Digit 8,4.402958,1.6913439,-,Digit 8
Digit 9,7.650498,-8.212324,-,Digit 9
Digit 0,-18.381,3.4194255,-,Digit 0
Digit 1,14.109849,11.245219,-,Digit 1
Digit 9,6.8825865,-8.301719,-,Digit 9
Digit 8,-5.5079293,9.440173,-,Digit 8
Digit 6,-7.300225,-4.2692122,-,Digit 6
Digit 1,12.657989,8.837641,-,Digit 1
Digit 2,6.548236,10.960182,-,Digit 2
Digit 4,5.5135922,-7.2650623,-,Digit 4
Digit 2,7.453241,7.8568335,-,Digit 2
Digit 1,15.579528,8.722918,-,Digit 1
Digit 3,-2.809099,15.957421,-,Digit 3
Digit 4,4.895762,-9.418694,-,Digit 4
Digit 2,7.622691,10.219641,-,Digit 2
Digit 3,-9.169293,11.701997,-,Digit 3
Digit 8,-11.787754,12.254364,-,Digit 8
Digit 9,3.5438323,-11.63258,-,Digit 9
Digit 4,3.7509043,-3.7663944,-,Digit 4
Digit 9,6.8499985,-7.4510517,-,Digit 9
Digit 2,0.3993687,-3.8014102,-,Digit 2
Digit 3,2.514076,3.516195,-,Digit 3
Digit 0,-18.163776,8.382967,-,Digit 0
Digit 1,15.269981,10.44434,-,Digit 1
Digit 7,11.454039,-11.610552,-,Digit 7
Digit 3,8.613097,1.3851267,-,Digit 3
Digit 6,-14.016269,-5.01801,-,Digit 6
Digit 1,14.563808,12.202549,-,Digit 1
Digit 1,14.982767,0.032296732,-,Digit 1
Digit 0,-16.343002,-1.6069323,-,Digit 0
Digit 5,-6.1974196,2.5116577,-,Digit 5
Digit 2,8.252432,16.53477,-,Digit 2
Digit 0,-18.039963,1.6258022,-,Digit 0
Digit 7,7.0720387,-18.622292,-,Digit 7
Digit 4,1.1784581,-14.124439,-,Digit 4
Digit 0,-14.945128,0.6623485,-,Digit 0
Digit 0,-19.09369,-0.9569219,-,Digit 0
Digit 9,-1.8709421,-14.202654,-,Digit 9
Digit 7,9.39374,-16.742374,-,Digit 7
Digit 8,9.74133,2.1319776,-,Digit 8
Digit 0,-18.554316,7.601121,-,Digit 0
Digit 7,9.768504,-16.868244,-,Digit 7
Digit 1,15.517876,-0.12901995,-,Digit 1
Digit 8,13.955734,7.9090285,-,Digit 8
Digit 3,-2.4208388,11.595439,-,Digit 3
Digit 0,-18.746052,5.4328055,-,Digit 0
Digit 6,-10.254993,-6.763767,-,Digit 6
Digit 0,-18.578096,4.6386147,-,Digit 0
Digit 0,9.459214,-7.8689313,-,Digit 0
Digit 8,5.5732408,1.600596,-,Digit 8
Digit 2,4.3027215,11.9865675,-,Digit 2
Digit 7,6.9670534,-16.109295,-,Digit 7
Digit 7,12.832325,-4.9404116,-,Digit 7
Digit 5,-5.135298,2.4084442,-,Digit 5
Digit 1,15.768545,11.8270855,-,Digit 1
Digit 8,4.314596,4.928877,-,Digit 8
Digit 6,-11.637267,-2.2970831,-,Digit 6
Digit 2,3.124944,14.412524,-,Digit 2
Digit 2,10.763212,10.041196,-,Digit 2
Digit 5,-6.4918904,-4.235005,-,Digit 5
Digit 0,-18.598675,4.0534663,-,Digit 0
Digit 6,-9.584543,-5.0611205,-,Digit 6
Digit 8,6.65144,3.2234612,-,Digit 8
Digit 6,-12.482497,-11.036676,-,Digit 6
Digit 9,8.566742,-9.042644,-,Digit 9
Digit 4,-1.1192725,-9.311698,-,Digit 4
Digit 6,-11.897684,-8.050167,-,Digit 6
Digit 8,-5.848021,6.822272,-,Digit 8
Digit 3,-3.6826506,14.201174,-,Digit 3
Digit 4,-3.5924864,-12.704218,-,Digit 4
Digit 0,-14.643497,6.9129925,-,Digit 0
Digit 3,-7.9275126,9.969441,-,Digit 3
Digit 0,-17.329018,1.0231204,-,Digit 0
Digit 6,-10.93864,-6.9005075,-,Digit 6
Digit 0,-12.355921,7.654237,-,Digit 0
Digit 3,-8.8756275,11.861248,-,Digit 3
Digit 9,4.789113,-9.878047,-,Digit 9
Digit 8,-2.3622785,8.18944,-,Digit 8
Digit 8,-0.18691427,4.39506,-,Digit 8
Digit 7,11.195507,-12.698342,-,Digit 7
Digit 2,8.138737,14.523953,-,Digit 2
Digit 4,4.2759185,-6.8307476,-,Digit 4
Digit 9,5.8944597,-8.519425,-,Digit 9
Digit 4,-0.25555187,-10.096964,-,Digit 4
Digit 9,-4.983633,-14.081832,-,Digit 9
Digit 8,7.966519,-6.033707,-,Digit 8
Digit 3,-2.0042984,15.014943,-,Digit 3
Digit 5,-0.8580688,-1.4713286,-,Digit 5
Digit 0,-19.429731,2.2110424,-,Digit 0
Digit 2,5.4387326,15.153921,-,Digit 2
Digit 9,5.8948,-8.246082,-,Digit 9
Digit 0,-13.74863,3.596912,-,Digit 0
Digit 3,-2.566014,11.065637,-,Digit 3
Digit 3,-3.841245,15.575309,-,Digit 3
Digit 6,-12.272645,-8.205144,-,Digit 6
Digit 2,7.505495,12.864229,-,Digit 2
Digit 2,3.763323,8.660687,-,Digit 2
Digit 2,2.8906138,14.076419,-,Digit 2
Digit 1,14.130048,13.3276205,-,Digit 1
Digit 7,-5.656371,-8.747596,-,Digit 7
Digit 1,16.460297,10.563011,-,Digit 1
Digit 1,14.69308,10.022083,-,Digit 1
Digit 2,3.241165,8.917594,-,Digit 2
Digit 5,-9.36996,5.14245,-,Digit 5
Digit 9,3.552437,-11.628486,-,Digit 9
Digit 7,9.27846,-17.110415,-,Digit 7
Digit 3,-3.021911,15.646483,-,Digit 3
Digit 5,-4.359715,0.8426296,-,Digit 5
Digit 9,-0.97823507,-9.295294,-,Digit 9
Digit 9,6.454933,-9.022069,-,Digit 9
Digit 4,0.33085522,-9.791747,-,Digit 4
Digit 4,4.0969195,-4.2102447,-,Digit 4
Digit 8,-3.0201404,7.320089,-,Digit 8
Digit 5,-9.62242,5.069452,-,Digit 5
Digit 3,-6.115929,10.240741,-,Digit 3
Digit 0,-19.146948,6.305198,-,Digit 0
Digit 9,9.255748,-8.473856,-,Digit 9
Digit 8,-0.15039042,9.706222,-,Digit 8
Digit 1,15.826812,3.1318479,-,Digit 1
Digit 2,5.9746966,7.1502037,-,Digit 2
Digit 0,-16.225468,7.2146306,-,Digit 0
Digit 6,-13.649281,-10.350327,-,Digit 6
Digit 2,-0.19121787,-5.3850746,-,Digit 2
Digit 2,6.462261,16.754301,-,Digit 2
Digit 9,9.201153,-9.437343,-,Digit 9
Digit 1,12.968916,0.1473448,-,Digit 1
Digit 1,15.026829,4.9723234,-,Digit 1
Digit 2,8.696816,15.561739,-,Digit 2
Digit 1,15.899832,4.1394076,-,Digit 1
Digit 1,14.763672,-0.6868698,-,Digit 1
Digit 5,-5.829622,2.579514,-,Digit 5
Digit 4,-4.0614033,-12.897703,-,Digit 4
Digit 7,8.816572,-12.273772,-,Digit 7
Digit 0,-19.095175,2.480656,-,Digit 0
Digit 2,2.612264,15.284424,-,Digit 2
Digit 8,6.965262,4.320567,-,Digit 8
Digit 4,-7.434017,-12.219033,-,Digit 4
Digit 0,-15.403073,7.107303,-,Digit 0
Digit 9,-5.1051846,8.147035,-,Digit 9
Digit 4,-7.0898733,-14.844937,-,Digit 4
Digit 0,-16.40156,2.5823426,-,Digit 0
Digit 7,10.443498,-13.592085,-,Digit 7
Digit 3,-5.2936187,14.18008,-,Digit 3
Digit 1,14.5600605,10.635006,-,Digit 1
Digit 9,2.6374164,-12.4145355,-,Digit 9
Digit 4,5.5858455,-6.47273,-,Digit 4
Digit 2,7.8718753,13.032803,-,Digit 2
Digit 0,-13.174891,2.8185792,-,Digit 0
Digit 3,-6.9547415,12.136892,-,Digit 3
Digit 0,-17.850239,1.9184164,-,Digit 0
Digit 4,-0.96282,-10.43427,-,Digit 4
Digit 8,-1.2229351,7.9367237,-,Digit 8
Digit 1,16.659355,6.5230885,-,Digit 1
Digit 6,-8.495792,-2.8313336,-,Digit 6
Digit 6,-8.476667,-2.224254,-,Digit 6
Digit 9,-5.635493,-13.60273,-,Digit 9
Digit 4,-3.0364542,-9.807832,-,Digit 4
Digit 2,6.3483396,8.78292,-,Digit 2
Digit 3,13.189002,0.12533526,-,Digit 3
Digit 3,-5.334392,15.637839,-,Digit 3
Digit 4,2.1244733,-10.176741,-,Digit 4
Digit 7,9.181512,-15.694013,-,Digit 7
Digit 7,9.416031,-10.662183,-,Digit 7
Digit 1,14.833568,1.520183,-,Digit 1
Digit 0,-18.7617,7.912889,-,Digit 0
Digit 0,-15.226871,2.1935415,-,Digit 0
Digit 7,10.859833,-8.245647,-,Digit 7
Digit 6,-12.896756,-6.2050195,-,Digit 6
Digit 8,3.5318084,1.0387211,-,Digit 8
Digit 1,16.657032,5.592295,-,Digit 1
Digit 6,-14.061996,-4.7252235,-,Digit 6
Digit 6,-13.009015,-4.4961677,-,Digit 6
Digit 2,6.0770264,7.8882523,-,Digit 2
Digit 0,-19.499647,-0.9983368,-,Digit 0
Digit 0,-17.189117,2.2656999,-,Digit 0
Digit 5,1.1823976,-2.1433094,-,Digit 5
Digit 1,17.011806,6.029219,-,Digit 1
Digit 8,1.0899417,5.3339124,-,Digit 8
Digit 8,5.357827,1.5146081,-,Digit 8
Digit 4,-2.245045,-15.965347,-,Digit 4
Digit 1,14.208363,12.957937,-,Digit 1
Digit 3,-0.47740486,1.0660377,-,Digit 3
Digit 0,-15.024086,1.1737269,-,Digit 0
Digit 3,-6.173542,10.482006,-,Digit 3
Digit 2,11.302448,9.834351,-,Digit 2
Digit 5,-8.409434,7.709998,-,Digit 5
Digit 7,8.756267,-12.8656645,-,Digit 7
Digit 3,-4.002924,13.5719795,-,Digit 3
Digit 6,-10.663935,-5.1575127,-,Digit 6
Digit 5,-6.221233,1.6390518,-,Digit 5
Digit 8,4.1475363,1.5266759,-,Digit 8
Digit 3,-8.86874,13.7807455,-,Digit 3
Digit 7,13.2941,11.289052,-,Digit 7
Digit 9,-6.4530244,-11.762172,-,Digit 9
Digit 3,-8.482554,13.835202,-,Digit 3
Digit 0,-16.751106,0.28516057,-,Digit 0
Digit 4,-8.078116,-11.936687,-,Digit 4
Digit 4,-2.1339035,-15.616515,-,Digit 4
Digit 1,14.9619665,0.22778618,-,Digit 1
Digit 7,8.661013,-16.167297,-,Digit 7
Digit 6,-9.284645,-0.321953,-,Digit 6
Digit 7,10.782144,-12.440767,-,Digit 7
Digit 2,6.177192,9.702651,-,Digit 2
Digit 1,17.896404,5.16136,-,Digit 1
Digit 6,-14.210919,-5.077085,-,Digit 6
Digit 0,-17.12589,6.659229,-,Digit 0
Digit 3,-6.6253924,12.823591,-,Digit 3
Digit 9,8.462892,-6.5940056,-,Digit 9
Digit 4,9.0738735,-6.235468,-,Digit 4
Digit 0,-10.749907,-0.17001188,-,Digit 0
Digit 1,15.573752,0.47947973,-,Digit 1
Digit 6,-6.827621,5.880842,-,Digit 6
Digit 4,-5.193099,-15.494477,-,Digit 4
Digit 3,-5.419476,13.588852,-,Digit 3
Digit 6,-0.34958714,-0.74524015,-,Digit 6
Digit 8,-0.47747043,7.8306,-,Digit 8
Digit 0,-13.283603,7.6527963,-,Digit 0
Digit 3,-10.473875,10.438241,-,Digit 3
Digit 9,4.27012,-11.043095,-,Digit 9
Digit 2,6.7531424,10.387808,-,Digit 2
Digit 3,-3.0041862,16.283318,-,Digit 3
Digit 2,6.9471364,16.336895,-,Digit 2
Digit 7,11.298138,-10.669177,-,Digit 7
Digit 6,-9.193615,-3.021342,-,Digit 6
Digit 8,-0.251006,6.7748656,-,Digit 8
Digit 1,16.869585,5.8178587,-,Digit 1
Digit 9,2.1023128,-11.474799,-,Digit 9
Digit 4,-4.3500504,-12.524091,-,Digit 4
Digit 3,1.1759493,12.807133,-,Digit 3
Digit 1,15.466211,3.898964,-,Digit 1
Digit 5,-8.996568,5.9232297,-,Digit 5
Digit 6,-13.967282,-4.2774577,-,Digit 6
Digit 6,-10.670322,-6.8155446,-,Digit 6
Digit 2,8.493055,13.542222,-,Digit 2
Digit 8,5.726241,4.3391466,-,Digit 8
Digit 7,11.478763,-15.85825,-,Digit 7
Digit 1,13.945624,0.16651037,-,Digit 1
Digit 8,5.903872,0.925557,-,Digit 8
Digit 9,1.1089894,-13.501359,-,Digit 9
Digit 2,7.4080763,11.841318,-,Digit 2
Digit 4,1.9968711,-9.216808,-,Digit 4
Digit 5,-8.577591,7.968751,-,Digit 5
Digit 5,0.43554223,-1.5242803,-,Digit 5
Digit 0,-16.00691,3.3140142,-,Digit 0
Digit 5,0.16771317,-1.4562814,-,Digit 5
Digit 1,17.083178,9.991123,-,Digit 1
Digit 9,3.2376778,-14.282927,-,Digit 9
Digit 6,-12.794833,-2.295734,-,Digit 6
Digit 4,-2.3304803,-12.046183,-,Digit 4
Digit 0,-17.527409,3.5932174,-,Digit 0
Digit 0,-17.562223,9.498261,-,Digit 0
Digit 3,-5.149296,10.326239,-,Digit 3
Digit 9,6.256407,-10.21827,-,Digit 9
Digit 6,-8.89233,-3.7305152,-,Digit 6
Digit 0,-14.858554,2.5151544,-,Digit 0
Digit 9,7.24739,-5.478486,-,Digit 9
Digit 7,5.9827356,-18.49532,-,Digit 7
Digit 4,5.0656323,-4.969832,-,Digit 4
Digit 7,12.257293,-6.701516,-,Digit 7
Digit 2,7.3717833,9.827091,-,Digit 2
Digit 3,-5.2072453,14.0276375,-,Digit 3
Digit 5,-7.0824256,2.5273912,-,Digit 5
Digit 1,13.771154,3.930765,-,Digit 1
Digit 4,2.1885092,-3.8991914,-,Digit 4
Digit 8,0.3415617,6.217282,-,Digit 8
Digit 8,-1.2054504,6.1038904,-,Digit 8
Digit 9,7.6665773,-7.45092,-,Digit 9
Digit 0,-17.760935,8.880382,-,Digit 0
Digit 9,-1.7185314,-13.756479,-,Digit 9
Digit 3,-4.768471,13.080158,-,Digit 3
Digit 3,-2.431599,12.131514,-,Digit 3
Digit 9,-1.98428,-11.522497,-,Digit 9
Digit 0,-18.429193,6.0844564,-,Digit 0
Digit 9,7.0123315,-9.26852,-,Digit 9
Digit 1,14.488652,1.7964561,-,Digit 1
Digit 8,-10.227999,9.538882,-,Digit 8
Digit 3,-7.742883,10.153415,-,Digit 3
Digit 7,11.727943,-8.722433,-,Digit 7
Digit 1,16.79799,5.1739397,-,Digit 1
Digit 5,-6.371437,4.816364,-,Digit 5
Digit 5,-8.916051,7.5616674,-,Digit 5
Digit 0,-19.073957,8.233021,-,Digit 0
Digit 9,-1.0768744,-12.715324,-,Digit 9
Digit 4,0.001810684,-8.611665,-,Digit 4
Digit 6,-9.374462,-4.8884277,-,Digit 6
Digit 8,-1.6148363,7.233651,-,Digit 8
Digit 8,6.1151123,1.9105198,-,Digit 8
Digit 1,14.355249,13.413783,-,Digit 1
Digit 9,-7.8431244,9.041166,-,Digit 9
Digit 3,-8.957229,9.36878,-,Digit 3
Digit 1,17.239628,3.7593431,-,Digit 1
Digit 6,-11.404878,-9.065524,-,Digit 6
Digit 6,-8.610988,-4.0102553,-,Digit 6
Digit 6,-13.609661,-4.097443,-,Digit 6
Digit 1,15.09005,9.051061,-,Digit 1
Digit 5,-1.0476732,-0.5529042,-,Digit 5
Digit 4,5.6321063,-7.532071,-,Digit 4
Digit 3,-0.66021097,15.350518,-,Digit 3
Digit 0,-17.10772,-0.29903847,-,Digit 0
Digit 0,-18.147486,1.294208,-,Digit 0
Digit 3,-4.438779,8.404935,-,Digit 3
Digit 6,-8.343698,-4.354704,-,Digit 6
Digit 5,-10.601633,9.856707,-,Digit 5
Digit 0,-16.846605,8.8567705,-,Digit 0
Digit 8,7.852391,-5.6904807,-,Digit 8
Digit 2,5.057543,10.269965,-,Digit 2
Digit 7,9.976497,-13.309645,-,Digit 7
Digit 2,-15.944104,10.14954,-,Digit 2
Digit 5,0.44064364,-2.1879566,-,Digit 5
Digit 2,6.8876414,13.549639,-,Digit 2
Digit 7,7.5247254,-14.969203,-,Digit 7
Digit 0,-16.90924,-0.99772704,-,Digit 0
Digit 0,-19.411325,7.0564713,-,Digit 0
Digit 7,14.413042,-2.2524276,-,Digit 7
Digit 4,4.8255606,-5.3246846,-,Digit 4
Digit 5,-5.272094,1.9442426,-,Digit 5
Digit 8,5.253556,4.1707644,-,Digit 8
Digit 7,7.492175,-18.968275,-,Digit 7
Digit 1,15.670349,4.696769,-,Digit 1
Digit 8,7.229904,3.0671399,-,Digit 8
Digit 5,-4.7804775,2.1630394,-,Digit 5
Digit 4,6.295969,-4.98209,-,Digit 4
Digit 6,-13.875392,-9.052691,-,Digit 6
Digit 6,-10.201802,-4.4064045,-,Digit 6
Digit 1,15.544029,12.139201,-,Digit 1
Digit 3,-5.7953086,15.086539,-,Digit 3
Digit 0,-18.645082,3.511559,-,Digit 0
Digit 9,-2.6942153,-13.692353,-,Digit 9
Digit 1,16.418003,4.439193,-,Digit 1
Digit 7,9.637851,-11.824757,-,Digit 7
Digit 1,15.969723,6.574,-,Digit 1
Digit 1,14.929982,5.14755,-,Digit 1
Digit 8,-0.98235464,9.381546,-,Digit 8
Digit 1,14.819697,3.8797772,-,Digit 1
Digit 6,-11.194353,-7.9835296,-,Digit 6
Digit 4,-2.1279933,-15.582274,-,Digit 4
Digit 9,-2.4720163,-14.117644,-,Digit 9
Digit 8,4.828236,0.2222072,-,Digit 8
Digit 6,-13.014595,-1.8569617,-,Digit 6
Digit 8,-0.03648516,7.4559975,-,Digit 8
Digit 0,-14.833232,3.1792042,-,Digit 0
Digit 1,17.021553,0.89123434,-,Digit 1
Digit 2,3.9409258,9.160851,-,Digit 2
Digit 7,8.69697,-15.241417,-,Digit 7
Digit 2,0.95763373,7.6262364,-,Digit 2
Digit 5,-5.8603306,5.0121455,-,Digit 5
Digit 7,7.756014,-18.388937,-,Digit 7
Digit 0,-16.055866,-0.23109393,-,Digit 0
Digit 4,-6.185747,-15.369875,-,Digit 4
Digit 6,-9.930999,-5.26925,-,Digit 6
Digit 4,0.051802162,-6.8466525,-,Digit 4
Digit 4,-3.3851473,-9.955952,-,Digit 4
Digit 7,12.822004,-9.925418,-,Digit 7
Digit 8,5.0948224,3.8275337,-,Digit 8
Digit 9,-4.5256305,-10.901532,-,Digit 9
Digit 9,3.39829,-12.891501,-,Digit 9
Digit 2,-5.0648155,-10.717881,-,Digit 2
Digit 3,-4.934485,8.85475,-,Digit 3
Digit 7,15.484445,-5.997617,-,Digit 7
Digit 4,6.9529533,-4.287689,-,Digit 4
Digit 5,-5.150152,1.3741821,-,Digit 5
Digit 5,-6.7811317,5.663565,-,Digit 5
Digit 3,-6.081273,11.320212,-,Digit 3
Digit 5,0.41343594,-1.9940637,-,Digit 5
Digit 1,15.610544,12.241319,-,Digit 1
Digit 1,14.306791,0.3846265,-,Digit 1
Digit 6,-10.505881,-0.88041764,-,Digit 6
Digit 0,-20.035627,5.8235598,-,Digit 0
Digit 5,-7.612493,3.756986,-,Digit 5
Digit 5,-8.18929,4.6271634,-,Digit 5
Digit 4,0.71792066,-11.144364,-,Digit 4
Digit 2,4.972565,10.667559,-,Digit 2
Digit 0,-16.736639,7.866419,-,Digit 0
Digit 4,1.7319604,-7.775165,-,Digit 4
Digit 2,3.4548922,8.870161,-,Digit 2
Digit 9,3.9610746,-5.297247,-,Digit 9
Digit 5,-10.8460245,8.734718,-,Digit 5
Digit 6,-9.402687,-2.0189323,-,Digit 6
Digit 2,2.8961918,11.719293,-,Digit 2
Digit 4,-6.4985867,-15.787746,-,Digit 4
Digit 9,-2.011952,-12.511891,-,Digit 9
Digit 8,-11.727234,12.14836,-,Digit 8
Digit 4,7.0911417,-4.389107,-,Digit 4
Digit 2,0.7514684,-3.9598923,-,Digit 2
Digit 1,15.259825,12.725145,-,Digit 1
Digit 1,13.874462,-0.20901899,-,Digit 1
Digit 9,7.169071,-8.301113,-,Digit 9
Digit 3,-8.7713995,13.670912,-,Digit 3
Digit 0,-14.006784,3.5640593,-,Digit 0
Digit 8,5.7486677,0.51551867,-,Digit 8
Digit 7,10.757505,-8.031235,-,Digit 7
Digit 2,7.221172,8.757866,-,Digit 2
Digit 2,8.344038,15.125286,-,Digit 2
Digit 9,1.4085249,-11.841102,-,Digit 9
Digit 7,9.063658,-13.423805,-,Digit 7
Digit 7,8.576148,-14.336062,-,Digit 7
Digit 7,6.4702797,-0.71698475,-,Digit 7
Digit 2,5.301978,11.702402,-,Digit 2
Digit 7,11.453583,-11.844311,-,Digit 7
Digit 8,4.1617336,-1.2542586,-,Digit 8
Digit 4,-4.959682,-12.057436,-,Digit 4
Digit 8,-11.923778,13.037569,-,Digit 8
Digit 6,-9.661533,-2.4575834,-,Digit 6
Digit 2,4.8355675,12.939928,-,Digit 2
Digit 6,-12.219261,-5.9433885,-,Digit 6
Digit 7,7.1515474,-15.062456,-,Digit 7
Digit 9,5.5743327,-9.790398,-,Digit 9
Digit 1,16.076555,9.009043,-,Digit 1
Digit 8,3.6269689,2.5465178,-,Digit 8
Digit 1,17.233328,6.344448,-,Digit 1
Digit 8,5.411248,1.8410107,-,Digit 8
Digit 2,4.6368933,10.92436,-,Digit 2
Digit 9,3.4233527,-12.503134,-,Digit 9
Digit 3,-9.050963,11.280643,-,Digit 3
Digit 1,15.193532,4.080925,-,Digit 1
Digit 0,-16.892403,6.2112384,-,Digit 0
Digit 4,6.4966893,-4.191468,-,Digit 4
Digit 4,-5.043044,-13.661219,-,Digit 4
Digit 3,2.4831116,5.1815352,-,Digit 3
Digit 3,-1.3635278,14.165785,-,Digit 3
Digit 7,10.243361,-13.219772,-,Digit 7
Digit 1,15.433125,11.278981,-,Digit 1
Digit 2,6.683193,12.735832,-,Digit 2
Digit 6,-13.337979,-10.168436,-,Digit 6
Digit 2,2.7577655,10.993799,-,Digit 2
Digit 7,13.4186735,-6.599595,-,Digit 7
Digit 6,-8.925788,-2.0653288,-,Digit 6
Digit 9,8.478316,-7.8386497,-,Digit 9
Digit 5,-8.55484,8.817581,-,Digit 5
Digit 9,2.4873688,-13.244719,-,Digit 9
Digit 3,-3.609128,9.792677,-,Digit 3
Digit 2,3.7576811,9.787897,-,Digit 2
Digit 1,15.545815,8.275655,-,Digit 1
Digit 1,15.172107,-0.20908372,-,Digit 1
Digit 4,3.3829448,-3.6594205,-,Digit 4
Digit 3,-4.8867736,15.751687,-,Digit 3
Digit 5,-7.12906,-0.58368754,-,Digit 5
Digit 2,6.178715,10.083982,-,Digit 2
Digit 1,15.299352,11.086277,-,Digit 1
Digit 3,-4.2139864,8.471974,-,Digit 3
Digit 9,-6.6320066,-11.89659,-,Digit 9
Digit 5,-8.730078,8.394993,-,Digit 5
Digit 7,12.119447,-7.153365,-,Digit 7
Digit 4,0.33509147,-16.423252,-,Digit 4
Digit 0,-17.009972,5.292269,-,Digit 0
Digit 8,-1.2865564,-11.148834,-,Digit 8
Digit 6,-12.351841,-2.4860291,-,Digit 6
Digit 2,8.369223,16.738663,-,Digit 2
Digit 6,-12.658975,-5.10481,-,Digit 6
Digit 3,-6.051584,8.649242,-,Digit 3
Digit 8,-9.822518,10.921375,-,Digit 8
Digit 7,6.41242,-16.96558,-,Digit 7
Digit 6,-14.552502,-5.3135967,-,Digit 6
Digit 4,-1.8821734,-9.632963,-,Digit 4
Digit 3,-4.8586025,13.72768,-,Digit 3
Digit 4,12.8280945,-1.5704913,-,Digit 4
Digit 2,4.291461,16.795076,-,Digit 2
Digit 5,-0.8061237,-2.1055994,-,Digit 5
Digit 5,-9.019452,3.6587589,-,Digit 5
Digit 4,3.6566594,-5.403939,-,Digit 4
Digit 9,-5.049779,-12.965515,-,Digit 9
Digit 2,6.7392282,13.430031,-,Digit 2
Digit 4,4.261752,-5.6739435,-,Digit 4
Digit 3,-0.74819493,15.81223,-,Digit 3
Digit 6,-8.253016,-2.8654995,-,Digit 6
Digit 8,4.748031,3.671319,-,Digit 8
Digit 7,10.442245,-16.683317,-,Digit 7
Digit 3,-1.694587,15.329007,-,Digit 3
Digit 3,2.5884202,5.5488467,-,Digit 3
Digit 7,10.164621,-14.478148,-,Digit 7
Digit 2,6.299744,8.984738,-,Digit 2
Digit 2,7.158966,14.073749,-,Digit 2
Digit 2,8.132963,10.346594,-,Digit 2
Digit 8,-2.2761734,4.989893,-,Digit 8
Digit 4,5.2016616,-8.595534,-,Digit 4
Digit 8,4.4034038,3.1188056,-,Digit 8
Digit 8,-1.725302,6.2239113,-,Digit 8
Digit 0,-16.20881,5.503585,-,Digit 0
Digit 6,-13.01763,-2.105429,-,Digit 6
Digit 8,1.518293,3.9036648,-,Digit 8
Digit 7,11.971977,-12.597404,-,Digit 7
Digit 9,-0.7593813,-11.804642,-,Digit 9
Digit 4,-2.8498194,-14.83272,-,Digit 4
Digit 3,-1.3260342,14.621545,-,Digit 3
Digit 3,-4.2715826,8.540915,-,Digit 3
Digit 5,-6.943024,5.6501293,-,Digit 5
Digit 5,-7.106489,3.077582,-,Digit 5
Digit 5,-8.315156,-0.09315688,-,Digit 5
Digit 7,10.035652,-11.65004,-,Digit 7
Digit 5,-10.884097,7.1325355,-,Digit 5
Digit 9,3.451409,-14.389607,-,Digit 9
Digit 0,-13.241193,3.6284564,-,Digit 0
Digit 8,0.93898755,4.364082,-,Digit 8
Digit 0,-17.952906,3.3496654,-,Digit 0
Digit 4,-6.2718244,-14.693369,-,Digit 4
Digit 1,14.864195,-0.28963798,-,Digit 1
Digit 9,1.8816803,-8.528571,-,Digit 9
Digit 4,1.5545187,-9.945367,-,Digit 4
Digit 4,3.1140282,-10.080529,-,Digit 4
Digit 8,0.81545734,-3.0382106,-,Digit 8
Digit 3,-2.6255531,16.253119,-,Digit 3
Digit 9,7.077937,-8.959319,-,Digit 9
Digit 9,7.406487,-3.2866912,-,Digit 9
Digit 3,-2.7901511,12.591459,-,Digit 3
Digit 3,-1.5466022,15.429042,-,Digit 3
Digit 7,7.650725,-15.019318,-,Digit 7
Digit 4,0.003506525,-15.2929535,-,Digit 4
Digit 8,3.6755817,2.1625063,-,Digit 8
Digit 9,2.2611217,-1.6284581,-,Digit 9
Digit 4,5.0489144,-7.93959,-,Digit 4
Digit 8,5.156664,-3.7380056,-,Digit 8
Digit 1,14.833687,-1.2077857,-,Digit 1
Digit 3,-3.741494,10.045727,-,Digit 3
Digit 7,7.902428,-15.249004,-,Digit 7
Digit 6,-11.126179,-3.633403,-,Digit 6
Digit 6,-14.182989,-7.024249,-,Digit 6
Digit 6,-9.265506,-1.0063164,-,Digit 6
Digit 6,-10.887549,-6.839915,-,Digit 6
Digit 4,8.929232,-5.071871,-,Digit 4
Digit 1,14.790753,11.401073,-,Digit 1
Digit 4,5.142691,-4.252751,-,Digit 4
Digit 7,11.920949,-7.4992113,-,Digit 7
Digit 9,8.0957985,-4.3347826,-,Digit 9
Digit 4,6.747755,-4.3169675,-,Digit 4
Digit 6,-13.386586,-5.946378,-,Digit 6
Digit 9,8.233635,-4.5143876,-,Digit 9
Digit 9,-2.3298616,-13.203329,-,Digit 9
Digit 8,4.602329,3.496271,-,Digit 8
Digit 7,6.737931,-17.357157,-,Digit 7
Digit 0,-16.655794,4.5519633,-,Digit 0
Digit 6,-14.478113,-6.8818636,-,Digit 6
Digit 0,-15.359628,5.427364,-,Digit 0
Digit 3,-6.8544908,15.701091,-,Digit 3
Digit 3,-0.18814299,0.80351365,-,Digit 3
Digit 2,5.102185,6.7262273,-,Digit 2
Digit 4,3.27222,-5.459066,-,Digit 4
Digit 9,-1.0116199,-12.959132,-,Digit 9
Digit 4,5.260349,-6.2784176,-,Digit 4
Digit 1,15.065903,0.3121836,-,Digit 1
Digit 3,-4.2915177,-9.496642,-,Digit 3
Digit 1,14.351845,-0.5212539,-,Digit 1
Digit 9,4.22079,-12.028962,-,Digit 9
Digit 9,6.128144,-10.758684,-,Digit 9
Digit 2,-9.723146,10.445387,-,Digit 2
Digit 9,6.4466476,-13.074006,-,Digit 9
Digit 8,5.6787066,2.3232539,-,Digit 8
Digit 1,15.745663,8.131763,-,Digit 1
Digit 0,-14.00536,7.9917636,-,Digit 0
Digit 9,-0.062368665,-12.793874,-,Digit 9
Digit 4,1.2774177,-9.3072405,-,Digit 4
Digit 0,-18.34786,1.5405083,-,Digit 0
Digit 9,6.0482683,-10.845557,-,Digit 9
Digit 3,-4.678225,12.954797,-,Digit 3
Digit 6,-13.236924,-3.1603737,-,Digit 6
Digit 8,6.2762523,1.383266,-,Digit 8
Digit 5,-6.897061,3.791719,-,Digit 5
Digit 6,-11.400915,-4.2631245,-,Digit 6
Digit 6,-10.9019165,-5.499818,-,Digit 6
Digit 9,1.6570305,-12.587436,-,Digit 9
Digit 0,-16.49864,1.8349472,-,Digit 0
Digit 8,3.7662313,2.5629165,-,Digit 8
Digit 9,8.015171,-6.2768703,-,Digit 9
Digit 0,-17.827744,8.859403,-,Digit 0
Digit 8,-0.63336295,5.224809,-,Digit 8
Digit 8,-7.3641133,8.081219,-,Digit 8
Digit 9,1.9044015,-10.847568,-,Digit 9
Digit 9,3.2632494,-11.484131,-,Digit 9
Digit 5,-1.0833293,-2.9846473,-,Digit 5
Digit 5,-9.962281,9.344284,-,Digit 5
Digit 0,-16.479362,4.809639,-,Digit 0
Digit 1,16.635239,7.678405,-,Digit 1
Digit 1,16.971952,4.4575834,-,Digit 1
Digit 1,16.905638,7.4299417,-,Digit 1
Digit 1,14.858226,2.3243937,-,Digit 1
Digit 6,-8.361304,-3.2575545,-,Digit 6
Digit 0,-17.457668,0.4345148,-,Digit 0
Digit 9,-6.8191657,-12.360834,-,Digit 9
Digit 1,14.327832,11.051216,-,Digit 1
Digit 8,3.6075432,-2.7506099,-,Digit 8
Digit 6,-12.568468,-3.9537332,-,Digit 6
Digit 6,-11.641105,-7.920217,-,Digit 6
Digit 9,-0.968915,-14.312083,-,Digit 9
Digit 9,-1.7426537,-10.136061,-,Digit 9
Digit 8,-4.336452,5.9936285,-,Digit 8
Digit 5,-8.289273,4.2167497,-,Digit 5
Digit 1,16.3119,1.3453285,-,Digit 1
Digit 6,-10.888054,-0.72029746,-,Digit 6
Digit 7,6.9170938,-14.915135,-,Digit 7
Digit 6,-12.12391,-7.364343,-,Digit 6
Digit 3,-4.364955,15.418848,-,Digit 3
Digit 3,-3.1525238,15.9509535,-,Digit 3
Digit 0,-19.187952,3.0183518,-,Digit 0
Digit 7,11.099975,-11.021646,-,Digit 7
Digit 0,-16.938591,5.9041977,-,Digit 0
Digit 1,14.815755,11.60999,-,Digit 1
Digit 0,-14.538828,3.1419988,-,Digit 0
Digit 7,13.719468,-5.9274263,-,Digit 7
Digit 7,5.841862,-14.884461,-,Digit 7
Digit 4,-2.139908,-15.666826,-,Digit 4
Digit 3,-7.251306,13.711982,-,Digit 3
Digit 2,6.3595843,16.567173,-,Digit 2
Digit 0,-4.215053,-8.868309,-,Digit 0
Digit 1,15.007923,1.1524001,-,Digit 1
Digit 6,-11.938291,-1.6359847,-,Digit 6
Digit 0,-18.95901,6.806356,-,Digit 0
Digit 2,8.261492,12.402746,-,Digit 2
Digit 7,6.5458117,-17.884216,-,Digit 7
Digit 5,-7.68899,3.893286,-,Digit 5
Digit 9,-2.2810543,-9.843729,-,Digit 9
Digit 8,-1.5533036,7.870699,-,Digit 8
Digit 9,-1.4844575,-13.5300865,-,Digit 9
Digit 2,1.059661,7.7816405,-,Digit 2
Digit 2,-7.089566,-4.872637,-,Digit 2
Digit 5,-6.7481737,2.3720584,-,Digit 5
Digit 5,-6.3607364,-9.825616,-,Digit 5
Digit 1,16.595125,3.7176993,-,Digit 1
Digit 4,1.6911473,-15.639447,-,Digit 4
Digit 8,2.0250144,-10.841432,-,Digit 8
Digit 4,3.7016695,-3.9854472,-,Digit 4
Digit 7,10.587366,-13.775498,-,Digit 7
Digit 4,-4.2938504,-15.695105,-,Digit 4
Digit 8,0.9134545,2.1552536,-,Digit 8
Digit 1,15.914845,7.2089124,-,Digit 1
Digit 2,5.46145,12.616428,-,Digit 2
Digit 1,15.547202,9.417141,-,Digit 1
Digit 3,-10.479912,8.445139,-,Digit 3
Digit 4,-7.475977,-13.3503065,-,Digit 4
Digit 4,3.7167237,-7.311256,-,Digit 4
Digit 5,-7.0103774,6.4643087,-,Digit 5
Digit 5,-2.1002283,-1.0908434,-,Digit 5
Digit 9,8.90969,-10.880336,-,Digit 9
Digit 0,-17.101505,0.47402388,-,Digit 0
Digit 7,8.695752,-17.220367,-,Digit 7
Digit 3,-1.349823,10.119636,-,Digit 3
Digit 0,-16.050932,1.3459777,-,Digit 0
Digit 1,14.7565155,10.394256,-,Digit 1
Digit 0,-16.919521,5.226545,-,Digit 0
Digit 7,8.185782,-17.591967,-,Digit 7
Digit 6,-11.187581,-5.2109823,-,Digit 6
Digit 8,5.0991135,3.9892988,-,Digit 8
Digit 0,-17.503454,3.7981138,-,Digit 0
Digit 7,13.126867,-9.1227,-,Digit 7
Digit 1,15.090052,10.041405,-,Digit 1
Digit 9,4.239782,-12.024976,-,Digit 9
Digit 8,-0.767354,8.556003,-,Digit 8
Digit 5,-8.534859,4.2953167,-,Digit 5
Digit 7,12.453585,-9.249816,-,Digit 7
Digit 5,-8.450603,7.0137477,-,Digit 5
Digit 4,-2.9470568,-12.342687,-,Digit 4
Digit 7,14.762826,8.254536,-,Digit 7
Digit 4,0.29274675,-15.281269,-,Digit 4
Digit 1,14.636906,11.356024,-,Digit 1
Digit 5,-9.47003,7.95237,-,Digit 5
Digit 5,-8.045756,3.326765,-,Digit 5
Digit 4,5.723846,-6.060321,-,Digit 4
Digit 1,16.691954,0.008676864,-,Digit 1
Digit 7,8.895824,-12.768603,-,Digit 7
Digit 1,14.06284,-0.56732976,-,Digit 1
Digit 6,-11.125054,-1.4180707,-,Digit 6
Digit 0,-14.639795,0.19148278,-,Digit 0
Digit 8,0.011945056,5.5224805,-,Digit 8
Digit 3,-0.47221625,14.103497,-,Digit 3
Digit 1,15.306329,2.2721467,-,Digit 1
Digit 4,1.0807712,-8.549862,-,Digit 4
Digit 6,-14.149083,-3.0301862,-,Digit 6
Digit 7,13.508104,-5.659827,-,Digit 7
Digit 8,0.13550472,5.5078244,-,Digit 8
Digit 8,7.559019,2.5887375,-,Digit 8
Digit 3,-5.510442,11.124167,-,Digit 3
Digit 9,-2.4845784,-11.00901,-,Digit 9
Digit 3,-8.562793,9.720963,-,Digit 3
Digit 7,7.6564107,-17.831171,-,Digit 7
Digit 4,-6.865542,-15.077585,-,Digit 4
Digit 1,15.035863,10.398573,-,Digit 1
Digit 6,-11.954094,-0.032529544,-,Digit 6
Digit 7,11.437555,-12.829604,-,Digit 7
Digit 5,-6.68526,-0.28779778,-,Digit 5
Digit 3,-2.9823947,-7.6149325,-,Digit 3
Digit 7,9.04802,-18.223953,-,Digit 7
Digit 2,5.78896,10.945535,-,Digit 2
Digit 9,13.365786,-2.8806174,-,Digit 9
Digit 7,11.189511,-15.539582,-,Digit 7
Digit 5,-6.3826256,3.4136574,-,Digit 5
Digit 3,12.830875,-14.503047,-,Digit 3
Digit 5,-3.468375,1.8618155,-,Digit 5
Digit 6,-12.723175,-5.1149325,-,Digit 6
Digit 6,-8.324636,-2.5592089,-,Digit 6
Digit 7,10.963714,-11.772098,-,Digit 7
Digit 3,12.728019,9.680425,-,Digit 3
Digit 3,-5.443068,12.264102,-,Digit 3
Digit 2,6.9681644,12.844569,-,Digit 2
Digit 7,14.598909,-5.8994536,-,Digit 7
Digit 6,-8.534344,-2.3753152,-,Digit 6
Digit 7,9.933245,-13.264334,-,Digit 7
Digit 7,9.255863,-11.488191,-,Digit 7
Digit 0,-20.303045,6.781237,-,Digit 0
Digit 5,-4.6136546,-0.23580721,-,Digit 5
Digit 9,7.2642026,-11.097988,-,Digit 9
Digit 7,11.261776,-10.77038,-,Digit 7
Digit 7,9.659736,-17.078726,-,Digit 7
Digit 4,-3.0455832,-15.228756,-,Digit 4
Digit 1,18.225464,3.0332518,-,Digit 1
Digit 4,-0.18620925,-8.000271,-,Digit 4
Digit 6,-14.117857,-10.413263,-,Digit 6
Digit 9,-1.0367258,-12.563591,-,Digit 9
Digit 7,9.876716,-11.685085,-,Digit 7
Digit 2,5.473789,9.297902,-,Digit 2
Digit 4,3.5679617,-8.587547,-,Digit 4
Digit 8,-0.74552226,6.8231826,-,Digit 8
Digit 6,-14.096401,-7.8663836,-,Digit 6
Digit 5,-4.178052,-3.686264,-,Digit 5
Digit 1,16.00882,8.80507,-,Digit 1
Digit 1,16.210644,8.846412,-,Digit 1
Digit 4,4.838379,-7.1611056,-,Digit 4
Digit 0,-14.261713,7.32594,-,Digit 0
Digit 4,-3.874601,-14.196656,-,Digit 4
Digit 5,-2.9906843,1.1412779,-,Digit 5
Digit 8,1.9495327,5.956994,-,Digit 8
Digit 9,6.2239323,-12.584982,-,Digit 9
Digit 7,8.209989,-16.193518,-,Digit 7
Digit 4,0.2280953,-16.606192,-,Digit 4
Digit 9,0.37829912,-9.719692,-,Digit 9
Digit 9,1.6432177,-12.557116,-,Digit 9
Digit 3,-2.264172,-6.811894,-,Digit 3
Digit 4,3.1472383,-10.373692,-,Digit 4
Digit 3,-5.9517994,10.834477,-,Digit 3
Digit 8,-2.800698,-1.8112882,-,Digit 8
Digit 2,6.9949045,11.943564,-,Digit 2
Digit 5,3.1916223,-0.69208324,-,Digit 5
Digit 4,7.237788,-3.7764652,-,Digit 4
Digit 7,13.714458,-11.097376,-,Digit 7
Digit 6,-12.818621,-9.077532,-,Digit 6
Digit 1,14.858593,1.5245801,-,Digit 1
Digit 0,-16.169992,1.1361309,-,Digit 0
Digit 9,2.2108326,-12.50322,-,Digit 9
Digit 1,15.874193,0.996573,-,Digit 1
Digit 5,0.73421955,-1.772495,-,Digit 5
Digit 6,-12.1098,-11.180773,-,Digit 6
Digit 2,3.5091305,9.088269,-,Digit 2
Digit 2,7.6355853,10.417876,-,Digit 2
Digit 9,8.905227,-8.401894,-,Digit 9
Digit 5,-6.4594803,1.211891,-,Digit 5
Digit 0,-16.866636,3.7563994,-,Digit 0
Digit 0,-15.67024,0.27954054,-,Digit 0
Digit 7,7.4926143,-13.370495,-,Digit 7
Digit 1,17.783224,5.165541,-,Digit 1
Digit 7,9.434958,-12.569661,-,Digit 7
Digit 9,-0.04309632,-12.47182,-,Digit 9
Digit 1,14.460789,12.358418,-,Digit 1
Digit 6,-11.155014,-7.285232,-,Digit 6
Digit 3,-5.117522,15.415689,-,Digit 3
Digit 4,4.247651,-5.2148647,-,Digit 4
Digit 1,17.737127,5.012628,-,Digit 1
Digit 4,-4.172219,-14.376128,-,Digit 4
Digit 1,15.215178,9.006414,-,Digit 1
Digit 9,7.606758,-10.637398,-,Digit 9
Digit 8,3.116003,4.922735,-,Digit 8
Digit 5,-4.9222946,-5.049923,-,Digit 5
Digit 1,14.753333,9.958631,-,Digit 1
Digit 8,-2.736157,5.9798694,-,Digit 8
Digit 2,4.0662704,11.317699,-,Digit 2
Digit 2,-12.505459,5.2472157,-,Digit 2
Digit 7,6.344014,-15.153957,-,Digit 7
Digit 8,-8.90795,10.559869,-,Digit 8
Digit 8,3.6590788,4.695144,-,Digit 8
Digit 5,-2.032683,-1.0431494,-,Digit 5
Digit 1,16.719011,2.275555,-,Digit 1
Digit 4,-2.45736,-16.372068,-,Digit 4
Digit 4,5.2088027,-4.6627827,-,Digit 4
Digit 8,1.072967,2.6995835,-,Digit 8
Digit 8,5.014158,3.4992063,-,Digit 8
Digit 9,-9.25035,13.286976,-,Digit 9
Digit 8,2.013277,-0.7353968,-,Digit 8
Digit 2,6.7433934,14.599016,-,Digit 2
Digit 1,16.44574,8.085583,-,Digit 1
Digit 8,4.215617,1.2711229,-,Digit 8
Digit 3,-2.724898,10.553723,-,Digit 3
Digit 4,3.9289277,-8.720081,-,Digit 4
Digit 6,-14.125259,-3.0026753,-,Digit 6
Digit 6,-9.598939,-1.4771835,-,Digit 6
Digit 6,-12.887386,-4.7187467,-,Digit 6
Digit 0,-16.742338,6.5596166,-,Digit 0
Digit 8,5.037126,1.9113402,-,Digit 8
Digit 4,-2.9642968,-14.710407,-,Digit 4
Digit 1,14.50261,0.461898,-,Digit 1
Digit 4,3.3137765,-10.2614355,-,Digit 4
Digit 2,5.254654,10.085133,-,Digit 2
Digit 2,3.865107,11.903347,-,Digit 2
Digit 7,9.228297,-12.709821,-,Digit 7
Digit 1,14.522579,-0.58321744,-,Digit 1
Digit 8,-0.19798638,7.5454226,-,Digit 8
Digit 9,7.070723,-9.422973,-,Digit 9
Digit 6,-9.170706,-2.9156396,-,Digit 6
Digit 9,4.68917,-11.048636,-,Digit 9
Digit 6,-12.160386,-1.3861468,-,Digit 6
Digit 9,-4.779936,-11.9081335,-,Digit 9
Digit 1,15.95955,11.33459,-,Digit 1
Digit 8,-2.0912547,6.971273,-,Digit 8
Digit 1,15.782759,1.4344535,-,Digit 1
Digit 7,10.74261,-12.458454,-,Digit 7
Digit 6,-12.681684,-11.075073,-,Digit 6
Digit 7,11.263312,-11.40877,-,Digit 7
Digit 4,-3.9998255,-11.477542,-,Digit 4
Digit 1,14.113793,11.507841,-,Digit 1
Digit 0,-18.356281,5.140293,-,Digit 0
Digit 3,-4.105774,5.742183,-,Digit 3
Digit 6,-9.856186,-4.3325152,-,Digit 6
Digit 6,-13.718674,-5.5753736,-,Digit 6
Digit 4,1.3359798,-14.315495,-,Digit 4
Digit 8,-0.9615831,8.541794,-,Digit 8
Digit 2,12.583273,4.6822248,-,Digit 2
Digit 0,-14.949799,8.835165,-,Digit 0
Digit 6,-12.245761,-6.6446004,-,Digit 6
Digit 4,-3.071918,-16.362932,-,Digit 4
Digit 3,-3.1750042,12.344568,-,Digit 3
Digit 5,-9.949254,9.122231,-,Digit 5
Digit 2,3.275771,14.100048,-,Digit 2
Digit 1,14.838753,11.522768,-,Digit 1
Digit 5,-5.948348,1.4729363,-,Digit 5
Digit 7,12.263129,-13.36511,-,Digit 7
Digit 5,-4.0687804,0.7590144,-,Digit 5
Digit 6,-12.726689,-4.808325,-,Digit 6
Digit 9,5.381338,-8.188813,-,Digit 9
Digit 0,-19.214191,4.0122266,-,Digit 0
Digit 4,3.9236982,-5.88472,-,Digit 4
Digit 2,5.9661717,8.355514,-,Digit 2
Digit 4,-4.2884007,-12.891151,-,Digit 4
Digit 1,16.987783,-0.05626134,-,Digit 1
Digit 8,7.8890257,3.0482354,-,Digit 8
Digit 8,0.3386683,5.742333,-,Digit 8
Digit 8,1.0217906,4.9398217,-,Digit 8
Digit 9,2.2855065,-13.485061,-,Digit 9
Digit 0,-16.937675,8.966112,-,Digit 0
Digit 4,3.647982,-7.983588,-,Digit 4
Digit 8,-1.1128354,14.437783,-,Digit 8
Digit 1,16.09397,2.7417994,-,Digit 1
Digit 5,0.7556143,-2.472404,-,Digit 5
Digit 0,-18.89745,5.6498694,-,Digit 0
Digit 2,4.9260335,11.763678,-,Digit 2
Digit 1,15.3989725,0.2329727,-,Digit 1
Digit 7,8.319109,-15.273096,-,Digit 7
Digit 7,8.1979885,-17.945496,-,Digit 7
Digit 3,-6.3015113,12.072654,-,Digit 3
Digit 2,8.993585,-1.8421035,-,Digit 2
Digit 6,-13.37875,-4.428316,-,Digit 6
Digit 3,-3.2461789,10.272289,-,Digit 3
Digit 8,-0.3708297,5.7014127,-,Digit 8
Digit 9,4.681109,-10.945377,-,Digit 9
Digit 4,-8.095319,-11.90039,-,Digit 4
Digit 4,4.0926857,-3.343893,-,Digit 4
Digit 8,4.855555,2.3064308,-,Digit 8
Digit 1,15.707447,5.3746176,-,Digit 1
Digit 3,13.580617,6.3591385,-,Digit 3
Digit 6,-8.924986,-2.7123396,-,Digit 6
Digit 7,6.7820845,-11.661914,-,Digit 7
Digit 7,13.294802,-9.961617,-,Digit 7
Digit 8,4.753653,0.254257,-,Digit 8
Digit 9,2.1793227,-13.097713,-,Digit 9
Digit 4,-0.90358436,-14.96568,-,Digit 4
Digit 6,-11.7690735,-1.1600468,-,Digit 6
Digit 6,-8.707379,-4.000083,-,Digit 6
Digit 2,4.1250815,15.269219,-,Digit 2
Digit 4,0.4827387,-16.477676,-,Digit 4
Digit 2,5.519883,14.934782,-,Digit 2
Digit 8,-2.9287462,6.275214,-,Digit 8
Digit 4,-8.875042,-12.141775,-,Digit 4
Digit 3,-2.9880466,11.259965,-,Digit 3
Digit 7,10.056244,-12.427181,-,Digit 7
Digit 1,14.645213,6.37421,-,Digit 1
Digit 3,-7.139619,10.015652,-,Digit 3
Digit 0,-15.68482,2.4784245,-,Digit 0
Digit 6,-11.123494,-4.2650185,-,Digit 6
Digit 1,14.562637,1.9974651,-,Digit 1
Digit 2,5.7177896,7.585398,-,Digit 2
Digit 1,14.641985,-0.79354227,-,Digit 1
Digit 4,-3.8721554,-11.894151,-,Digit 4
Digit 5,-4.684058,-0.19468294,-,Digit 5
Digit 3,7.1395793,-9.943595,-,Digit 3
Digit 0,-14.774925,0.7988989,-,Digit 0
Digit 2,-1.952656,2.2553442,-,Digit 2
Digit 8,-2.0956173,9.012934,-,Digit 8
Digit 8,-9.27815,10.331698,-,Digit 8
Digit 7,11.120185,-10.566302,-,Digit 7
Digit 0,-16.682117,9.030607,-,Digit 0
Digit 3,5.5357184,4.7563004,-,Digit 3
Digit 3,-1.7471781,15.1939945,-,Digit 3
Digit 3,6.5519257,-14.213665,-,Digit 3
Digit 3,-6.44598,11.199988,-,Digit 3
Digit 1,14.231014,0.99267125,-,Digit 1
Digit 5,-2.925168,-3.9917784,-,Digit 5
Digit 1,14.878096,4.3034043,-,Digit 1
Digit 6,-7.889677,-3.7657804,-,Digit 6
Digit 8,-8.298456,15.700905,-,Digit 8
Digit 4,-1.9185911,-16.085676,-,Digit 4
Digit 8,-1.6553633,8.382078,-,Digit 8
Digit 3,-5.254333,13.143944,-,Digit 3
Digit 1,15.821203,1.3838996,-,Digit 1
Digit 2,5.1947446,11.859708,-,Digit 2
Digit 2,3.9263475,12.927071,-,Digit 2
Digit 0,-12.518368,7.489478,-,Digit 0
Digit 9,1.4611166,-8.886892,-,Digit 9
Digit 5,-2.2015648,-1.0018022,-,Digit 5
Digit 8,2.6830826,2.9130535,-,Digit 8
Digit 2,4.625156,9.728272,-,Digit 2
Digit 7,7.180497,-15.753111,-,Digit 7
Digit 8,3.2834315,3.1146705,-,Digit 8
Digit 2,4.8089185,10.342047,-,Digit 2
Digit 7,7.3581047,-14.002566,-,Digit 7
Digit 3,-10.680389,10.730893,-,Digit 3
Digit 1,14.636977,6.241368,-,Digit 1
Digit 9,7.029508,-5.96623,-,Digit 9
Digit 5,-5.724854,3.9412234,-,Digit 5
Digit 2,4.0777693,10.839839,-,Digit 2
Digit 1,15.206474,4.6586647,-,Digit 1
Digit 8,-0.07466889,4.070312,-,Digit 8
Digit 1,15.127355,3.3677797,-,Digit 1
Digit 7,10.608355,-10.859627,-,Digit 7
Digit 6,-14.200743,-4.026318,-,Digit 6
Digit 0,-15.357056,6.594576,-,Digit 0
Digit 0,-14.775787,2.5329816,-,Digit 0
Digit 3,-1.8711164,16.166937,-,Digit 3
Digit 4,-3.6292098,-14.371116,-,Digit 4
Digit 8,6.641984,2.298669,-,Digit 8
Digit 4,-2.6032922,-9.526574,-,Digit 4
Digit 8,-4.1778355,4.9433646,-,Digit 8
Digit 8,-8.006073,9.972727,-,Digit 8
Digit 7,12.987978,11.503339,-,Digit 7
Digit 4,5.4143972,-6.314953,-,Digit 4
Digit 5,-10.7670965,9.953069,-,Digit 5
Digit 8,1.675558,1.6803246,-,Digit 8
Digit 6,-9.1089735,-4.3434267,-,Digit 6
Digit 2,5.7561836,16.041094,-,Digit 2
Digit 4,0.97331136,-8.393199,-,Digit 4
Digit 2,8.179726,15.140693,-,Digit 2
Digit 1,15.588132,8.93976,-,Digit 1
Digit 8,6.30289,2.3902075,-,Digit 8
Digit 8,1.0656675,5.9402056,-,Digit 8
Digit 5,-9.317131,8.42531,-,Digit 5
Digit 0,-17.54035,2.9917035,-,Digit 0
Digit 5,-6.2867255,1.6795806,-,Digit 5
Digit 6,-14.353779,-10.25301,-,Digit 6
Digit 2,4.377875,10.578828,-,Digit 2
Digit 5,-7.935894,6.2042747,-,Digit 5
Digit 7,6.6457853,-1.2464806,-,Digit 7
Digit 2,4.787866,16.273607,-,Digit 2
Digit 9,7.935322,-11.809984,-,Digit 9
Digit 4,-7.903955,-11.927994,-,Digit 4
Digit 2,4.520534,9.329886,-,Digit 2
Digit 5,-7.689633,6.5092325,-,Digit 5
Digit 4,4.295701,-6.079282,-,Digit 4
Digit 9,4.0912585,-11.900483,-,Digit 9
Digit 5,-2.5949616,-0.75099695,-,Digit 5
Digit 9,-0.5291262,-11.4520235,-,Digit 9
Digit 8,4.3372803,3.0619602,-,Digit 8
Digit 1,14.733591,-0.0079045575,-,Digit 1
Digit 2,4.6237845,8.936853,-,Digit 2
Digit 2,2.705567,7.775615,-,Digit 2
Digit 5,-6.301436,5.1448636,-,Digit 5
Digit 1,15.132286,0.027575653,-,Digit 1
Digit 9,-0.2853404,-10.63866,-,Digit 9
Digit 7,11.834537,-8.74337,-,Digit 7
Digit 1,15.136836,7.169891,-,Digit 1
Digit 4,-3.0494087,-9.119082,-,Digit 4
Digit 0,-17.410597,9.031661,-,Digit 0
Digit 0,-19.674643,4.4318695,-,Digit 0
Digit 4,-3.6243308,-14.215675,-,Digit 4
Digit 0,-16.239979,2.3785572,-,Digit 0
Digit 4,3.3168623,-5.8349786,-,Digit 4
Digit 4,1.7204149,-10.219355,-,Digit 4
Digit 1,14.401652,2.316479,-,Digit 1
Digit 9,-0.3680157,-11.595972,-,Digit 9
Digit 5,-1.9212464,-0.7207121,-,Digit 5
Digit 4,-2.6810074,-14.749104,-,Digit 4
Digit 6,-12.626128,-11.217702,-,Digit 6
Digit 8,4.7700925,1.955298,-,Digit 8
Digit 8,8.818014,-1.5457022,-,Digit 8
Digit 9,3.3348482,-12.497241,-,Digit 9
Digit 9,3.218617,-11.414277,-,Digit 9
Digit 6,-11.974495,-3.7017667,-,Digit 6
Digit 5,-5.1591396,2.6084213,-,Digit 5
Digit 0,-16.16326,-0.49184805,-,Digit 0
Digit 6,-13.596403,-2.0484953,-,Digit 6
Digit 6,-11.986622,-2.2752025,-,Digit 6
Digit 8,5.571021,1.7408708,-,Digit 8
Digit 0,-17.513521,8.830634,-,Digit 0
Digit 8,-0.8523026,5.2900133,-,Digit 8
Digit 1,15.442399,-0.99163336,-,Digit 1
Digit 4,-3.472532,-15.14113,-,Digit 4
Digit 4,-0.54741776,-16.332775,-,Digit 4
Digit 9,-3.017745,-13.258868,-,Digit 9
Digit 2,7.4588656,13.978369,-,Digit 2
Digit 3,2.7540922,3.4694295,-,Digit 3
Digit 0,-15.598522,5.9713426,-,Digit 0
Digit 1,16.433876,2.3579972,-,Digit 1
Digit 1,15.262448,8.893581,-,Digit 1
Digit 7,9.009906,-17.65358,-,Digit 7
Digit 5,-4.0452156,2.3331096,-,Digit 5
Digit 3,-8.380585,5.783171,-,Digit 3
Digit 1,15.262296,1.8946801,-,Digit 1
Digit 8,0.61483985,3.7184813,-,Digit 8
Digit 7,11.721288,-2.6003172,-,Digit 7
Digit 9,2.6115048,-12.756545,-,Digit 9
Digit 2,9.382589,12.131643,-,Digit 2
Digit 9,-5.945364,-13.35326,-,Digit 9
Digit 0,-18.722368,5.1578264,-,Digit 0
Digit 2,-5.6318316,-7.3330903,-,Digit 2
Digit 6,-8.415991,-2.8228834,-,Digit 6
Digit 7,11.2542095,-11.330453,-,Digit 7
Digit 0,-18.181898,8.3303585,-,Digit 0
Digit 0,-17.69365,9.05491,-,Digit 0
Digit 2,6.6616964,13.193587,-,Digit 2
Digit 3,-1.399788,15.216138,-,Digit 3
Digit 8,3.7581384,4.2844896,-,Digit 8
Digit 2,4.026904,16.516012,-,Digit 2
Digit 2,4.239537,10.662551,-,Digit 2
Digit 4,6.046856,-5.9093604,-,Digit 4
Digit 2,7.192544,11.480317,-,Digit 2
Digit 6,-10.237418,-0.5894921,-,Digit 6
Digit 4,3.3114169,-7.13608,-,Digit 4
Digit 5,-6.699814,-0.6968738,-,Digit 5
Digit 1,14.819254,13.010423,-,Digit 1
Digit 5,-7.527422,5.632739,-,Digit 5
Digit 1,14.552128,13.049153,-,Digit 1
Digit 6,-11.860681,-6.9547715,-,Digit 6
Digit 2,3.0723674,8.499313,-,Digit 2
Digit 6,-12.707078,-8.040562,-,Digit 6
Digit 3,-4.3472967,11.685618,-,Digit 3
Digit 8,2.476153,1.6143202,-,Digit 8
Digit 5,-6.6587787,0.87553316,-,Digit 5
Digit 7,9.287062,-15.120835,-,Digit 7
Digit 7,11.689614,-2.4028766,-,Digit 7
Digit 8,5.0599775,2.353343,-,Digit 8
Digit 8,-2.2070608,6.5233874,-,Digit 8
Digit 2,5.188842,6.7562833,-,Digit 2
Digit 5,-6.4589176,4.2543697,-,Digit 5
Digit 2,7.425833,13.9741335,-,Digit 2
Digit 3,-5.294516,11.5931425,-,Digit 3
Digit 5,-4.9265523,-4.826648,-,Digit 5
Digit 8,-2.100267,8.063149,-,Digit 8
Digit 3,-3.7241888,-7.1735067,-,Digit 3
Digit 7,13.542385,-1.8102412,-,Digit 7
Digit 8,6.3812284,1.0666469,-,Digit 8
Digit 4,14.642087,7.8948693,-,Digit 4
Digit 1,14.735186,11.120728,-,Digit 1
Digit 9,8.12941,-8.444583,-,Digit 9
Digit 7,12.946523,-10.124464,-,Digit 7
Digit 3,-3.9667645,14.523971,-,Digit 3
Digit 3,-7.8900976,13.799905,-,Digit 3
Digit 1,15.849372,4.5202956,-,Digit 1
Digit 2,6.508887,10.660127,-,Digit 2
Digit 3,-4.8162794,14.0552,-,Digit 3
Digit 2,3.2592502,14.75292,-,Digit 2
Digit 0,-18.565218,3.8283556,-,Digit 0
Digit 0,-13.994106,3.9160655,-,Digit 0
Digit 5,-4.8428636,-4.384663,-,Digit 5
Digit 1,16.657673,5.126046,-,Digit 1
Digit 2,7.363442,-1.6929327,-,Digit 2
Digit 4,6.4547153,-4.280476,-,Digit 4
Digit 8,5.436539,2.3121603,-,Digit 8
Digit 0,-18.268349,6.077485,-,Digit 0
Digit 1,13.689733,1.1182685,-,Digit 1
Digit 0,-17.280743,7.0351353,-,Digit 0
Digit 5,3.3771214,4.632437,-,Digit 5
Digit 9,-1.6192211,-12.372688,-,Digit 9
Digit 1,16.458435,1.2355077,-,Digit 1
Digit 8,-1.1454055,5.6833134,-,Digit 8
Digit 5,-3.1476283,-3.8895364,-,Digit 5
Digit 2,3.5281966,11.876837,-,Digit 2
Digit 5,-1.7770575,-1.148985,-,Digit 5
Digit 2,5.2377825,7.8564005,-,Digit 2
Digit 8,3.928311,4.5674586,-,Digit 8
Digit 9,6.4282746,-12.314265,-,Digit 9
Digit 3,-7.331655,13.521529,-,Digit 3
Digit 2,-0.048131023,-5.0746074,-,Digit 2
Digit 9,8.828758,-8.157054,-,Digit 9
Digit 6,-10.508439,-3.3491888,-,Digit 6
Digit 0,-17.909159,6.4872694,-,Digit 0
Digit 0,-14.84089,4.831357,-,Digit 0
Digit 8,-4.0438676,6.45035,-,Digit 8
Digit 1,14.125115,3.3710012,-,Digit 1
Digit 4,3.9779792,-5.9350753,-,Digit 4
Digit 9,-1.6653379,-12.549194,-,Digit 9
Digit 0,-16.159779,2.1439204,-,Digit 0
Digit 6,-12.031747,-3.7874475,-,Digit 6
Digit 7,6.5475383,-16.818169,-,Digit 7
Digit 2,7.2518845,9.058834,-,Digit 2
Digit 5,1.2782961,-2.1048415,-,Digit 5
Digit 1,15.333862,11.40987,-,Digit 1
Digit 4,2.795453,-9.839849,-,Digit 4
Digit 5,-3.089272,-1.3008274,-,Digit 5
Digit 1,15.476401,12.315648,-,Digit 1
Digit 9,-4.358791,-12.522494,-,Digit 9
Digit 7,7.7185807,-15.8835535,-,Digit 7
Digit 7,9.068264,-13.252661,-,Digit 7
Digit 9,8.13145,-4.162768,-,Digit 9
Digit 1,16.515717,7.419256,-,Digit 1
Digit 6,-14.146752,-7.273491,-,Digit 6
Digit 8,3.0837712,2.8247979,-,Digit 8
Digit 8,-1.3803388,-6.1183996,-,Digit 8
Digit 7,4.965704,-13.297871,-,Digit 7
Digit 0,-16.756939,0.6703537,-,Digit 0
Digit 9,-1.9481153,-11.671906,-,Digit 9
Digit 5,-8.6403475,4.1259575,-,Digit 5
Digit 0,-17.374743,5.517648,-,Digit 0
Digit 3,-3.242538,14.710286,-,Digit 3
Digit 7,8.667145,-15.876978,-,Digit 7
Digit 1,14.839208,9.83834,-,Digit 1
Digit 3,-4.3938117,8.6410885,-,Digit 3
Digit 8,1.6946409,4.238791,-,Digit 8
Digit 6,-10.951378,-8.404754,-,Digit 6
Digit 8,5.0013266,4.3626795,-,Digit 8
Digit 5,-6.763495,-0.50854343,-,Digit 5
Digit 4,4.703251,-3.569205,-,Digit 4
Digit 4,6.5841236,-4.5115547,-,Digit 4
Digit 1,15.719602,8.2419615,-,Digit 1
Digit 4,2.1721632,-6.830842,-,Digit 4
Digit 4,-4.037319,-12.698436,-,Digit 4
Digit 8,-8.465619,-6.9647326,-,Digit 8
Digit 0,-16.976555,0.39433807,-,Digit 0
Digit 8,-11.737767,13.36772,-,Digit 8
Digit 2,4.9798083,12.230106,-,Digit 2
Digit 7,7.875507,-15.106,-,Digit 7
Digit 9,-5.3507023,-14.538104,-,Digit 9
Digit 3,-6.774545,12.907114,-,Digit 3
Digit 0,-19.767435,-0.9457955,-,Digit 0
Digit 2,8.848776,11.528052,-,Digit 2
Digit 2,9.267765,10.928414,-,Digit 2
Digit 8,3.7659423,4.529689,-,Digit 8
Digit 1,15.553508,4.1061654,-,Digit 1
Digit 1,14.419967,10.839859,-,Digit 1
Digit 5,-9.687894,-7.458786,-,Digit 5
Digit 1,16.059958,8.79895,-,Digit 1
Digit 2,4.719539,16.483091,-,Digit 2
Digit 9,-2.5072246,-10.752597,-,Digit 9
Digit 6,-14.598371,-9.96211,-,Digit 6
Digit 9,5.230923,-12.406725,-,Digit 9
Digit 8,6.136682,2.234837,-,Digit 8
Digit 1,15.0567,-0.82685685,-,Digit 1
Digit 0,-17.834051,8.916713,-,Digit 0
Digit 8,-10.07489,10.959607,-,Digit 8
Digit 7,6.435692,-9.80749,-,Digit 7
Digit 0,-13.92709,3.9199827,-,Digit 0
Digit 4,5.7197375,-2.8313184,-,Digit 4
Digit 1,15.189221,10.394339,-,Digit 1
Digit 4,-4.2029676,-13.967885,-,Digit 4
Digit 2,9.163011,11.847832,-,Digit 2
Digit 5,-7.69254,5.412091,-,Digit 5
Digit 3,-13.895564,0.90182763,-,Digit 3
Digit 6,-10.890253,-4.377949,-,Digit 6
Digit 9,6.005087,-10.231836,-,Digit 9
Digit 6,-14.690278,-8.96966,-,Digit 6
Digit 6,-11.945015,-9.166643,-,Digit 6
Digit 0,-16.254292,6.7910533,-,Digit 0
Digit 3,-7.1283565,14.337291,-,Digit 3
Digit 2,3.4870002,8.848775,-,Digit 2
Digit 4,-3.7024045,-14.972125,-,Digit 4
Digit 3,-5.4835353,10.555941,-,Digit 3
Digit 4,0.6269644,-9.757543,-,Digit 4
Digit 9,1.7851069,-6.577818,-,Digit 9
Digit 6,-9.271997,-0.605875,-,Digit 6
Digit 6,-9.92418,-0.7775958,-,Digit 6
Digit 0,-18.563,4.833369,-,Digit 0
Digit 1,15.166918,8.425485,-,Digit 1
Digit 4,-3.5848017,-14.267965,-,Digit 4
Digit 4,-5.7212715,-15.469417,-,Digit 4
Digit 6,-11.115559,-5.5846763,-,Digit 6
Digit 2,7.9573097,13.375542,-,Digit 2
Digit 6,-12.729637,-10.944948,-,Digit 6
Digit 6,-12.32772,-7.530009,-,Digit 6
Digit 4,-0.11058077,-11.250161,-,Digit 4
Digit 0,-15.807213,1.9784286,-,Digit 0
Digit 4,8.8120775,-5.071719,-,Digit 4
Digit 2,-0.29402867,-5.646045,-,Digit 2
Digit 3,-7.7502093,11.759101,-,Digit 3
Digit 8,4.8554926,4.0775537,-,Digit 8
Digit 7,7.4122205,-19.092405,-,Digit 7
Digit 6,-7.0260043,-0.9175409,-,Digit 6
Digit 4,4.1685586,-5.479522,-,Digit 4
Digit 5,0.14152601,-1.4604008,-,Digit 5
Digit 6,-9.351511,-3.0424623,-,Digit 6
Digit 9,3.676097,-11.339939,-,Digit 9
Digit 5,-3.3447,-4.02474,-,Digit 5
Digit 2,6.431442,8.247142,-,Digit 2
Digit 0,-19.591843,4.4456086,-,Digit 0
Digit 2,9.556247,10.591548,-,Digit 2
Digit 9,7.03063,-10.821564,-,Digit 9
Digit 1,17.998863,4.2746053,-,Digit 1
Digit 9,1.446454,-8.372534,-,Digit 9
Digit 0,-15.505229,1.1314216,-,Digit 0
Digit 5,-6.900665,5.1874175,-,Digit 5
Digit 9,3.414704,-12.728325,-,Digit 9
Digit 5,-2.1279144,-0.96706146,-,Digit 5
Digit 3,-2.1406453,12.340888,-,Digit 3
Digit 2,9.039492,4.0636363,-,Digit 2
Digit 6,-10.884524,-7.579214,-,Digit 6
Digit 4,-3.6591792,-11.646475,-,Digit 4
